2,0.0165538
3,0.040736
4,0.0499095
5,0.0524451
6,0.053791
7,0.0546448
8,0.0556391
9,0.0565588
10,0.0574412
11,0.0582576
12,0.0590266
13,0.059743
14,0.0603876
15,0.0609721
16,0.0615187
17,0.0620551
18,0.0625715
19,0.0630673
20,0.0635423
21,0.0639959
22,0.0644271
23,0.0648166
24,0.0652001
25,0.065617
26,0.0660152
27,0.066361
28,0.0666844
29,0.0669993
30,0.0673089
31,0.0676247
32,0.067947
33,0.0682653
34,0.0685656
35,0.0688459
36,0.0691134
37,0.069374
38,0.069631
39,0.0698919
40,0.0701495
41,0.0703907
42,0.0706306
43,0.0708772
44,0.0711236
45,0.0713679
46,0.0716005
47,0.0718106
48,0.0720114
49,0.0722326
50,0.0724704
51,0.0726936
52,0.0728985
53,0.0730965
54,0.073285
55,0.0734634
56,0.0736469
57,0.0738422
58,0.0740319
59,0.0742067
60,0.0743816
61,0.0745631
62,0.0747386
63,0.0748981
64,0.0750506
65,0.0752113
66,0.0753819
67,0.0755562
68,0.0757237
69,0.0758816
70,0.0760448
71,0.0762196
72,0.076385
73,0.0765278
74,0.0766698
75,0.0768197
76,0.0769598
77,0.0770892
78,0.0772149
79,0.0773462
80,0.0774892
81,0.0776283
82,0.0777532
83,0.077876
84,0.0780154
85,0.0781878
86,0.0783531
87,0.0784625
88,0.0785574
89,0.0786742
90,0.078803
91,0.0789441
92,0.0790848
93,0.0791958
94,0.0792838
95,0.0793901
96,0.0795189
97,0.0796342
98,0.0797157
99,0.079768
