2,0.00623655
3,0.0182421
4,0.0289285
5,0.0377392
6,0.0445192
7,0.0494235
8,0.0528127
9,0.0551102
10,0.0566846
11,0.0578216
12,0.0587142
13,0.0594713
14,0.0601433
15,0.0607631
16,0.0613516
17,0.0619013
18,0.0624189
19,0.0629241
20,0.0634127
21,0.0638767
22,0.0643199
23,0.0647478
24,0.0651632
25,0.065563
26,0.0659396
27,0.066295
28,0.0666393
29,0.0669792
30,0.067316
31,0.0676399
32,0.0679435
33,0.0682377
34,0.068529
35,0.0688127
36,0.0690846
37,0.0693542
38,0.0696294
39,0.0698962
40,0.0701483
41,0.0703956
42,0.0706442
43,0.0708892
44,0.0711285
45,0.0713668
46,0.0716108
47,0.0718451
48,0.0720491
49,0.0722514
50,0.0724678
51,0.0726872
52,0.0728966
53,0.0730833
54,0.0732596
55,0.073436
56,0.0736149
57,0.073806
58,0.0740102
59,0.0742079
60,0.0743931
61,0.0745706
62,0.0747363
63,0.0749005
64,0.075066
65,0.075224
66,0.0753832
67,0.0755518
68,0.075722
69,0.0758878
70,0.076054
71,0.0762172
72,0.0763612
73,0.0764822
74,0.0765933
75,0.0766903
76,0.0768414
77,0.0770616
78,0.0772148
79,0.0773474
80,0.0774904
81,0.0776195
82,0.0777472
83,0.0778846
84,0.0780368
85,0.0782052
86,0.0783571
87,0.0784644
88,0.0785581
89,0.0786791
90,0.0788043
91,0.0789297
92,0.0790478
93,0.0791618
94,0.0792784
95,0.0793905
96,0.0795164
97,0.0796367
98,0.079711
99,0.0797646
