2,0.00600986
3,0.0176095
4,0.0280276
5,0.0367494
6,0.0435929
7,0.0486606
8,0.0522564
9,0.0547395
10,0.0564563
11,0.0576945
12,0.0586458
13,0.0594294
14,0.0601139
15,0.0607401
16,0.0613305
17,0.0618858
18,0.0624096
19,0.062915
20,0.0634021
21,0.0638675
22,0.064313
23,0.0647423
24,0.0651592
25,0.0655579
26,0.0659329
27,0.0662887
28,0.0666353
29,0.0669763
30,0.0673083
31,0.0676319
32,0.0679446
33,0.0682419
34,0.0685285
35,0.0688092
36,0.0690834
37,0.0693556
38,0.0696298
39,0.0698961
40,0.0701495
41,0.0703962
42,0.0706421
43,0.0708868
44,0.0711275
45,0.0713661
46,0.0716082
47,0.0718405
48,0.0720494
49,0.0722541
50,0.0724703
51,0.0726901
52,0.0728962
53,0.0730826
54,0.0732595
55,0.0734345
56,0.0736145
57,0.073806
58,0.0740085
59,0.0742068
60,0.0743935
61,0.0745695
62,0.0747355
63,0.0749014
64,0.0750661
65,0.0752242
66,0.0753845
67,0.0755521
68,0.0757213
69,0.0758877
70,0.0760543
71,0.0762163
72,0.0763607
73,0.0764809
74,0.0765941
75,0.0766955
76,0.0768411
77,0.0770584
78,0.0772152
79,0.0773478
80,0.0774896
81,0.0776191
82,0.0777472
83,0.0778848
84,0.0780369
85,0.078205
86,0.0783571
87,0.0784643
88,0.0785581
89,0.078679
90,0.0788044
91,0.0789298
92,0.0790476
93,0.0791617
94,0.0792784
95,0.0793904
96,0.0795163
97,0.0796364
98,0.0797106
99,0.0797647
