2,0.0058165
3,0.0170657
4,0.0272382
5,0.0358578
6,0.0427082
7,0.0478747
8,0.0516604
9,0.0543405
10,0.056207
11,0.0575489
12,0.0585614
13,0.0593806
14,0.0600843
15,0.0607204
16,0.061314
17,0.0618691
18,0.0623947
19,0.0629019
20,0.0633894
21,0.0638547
22,0.0643015
23,0.0647334
24,0.0651498
25,0.0655461
26,0.0659222
27,0.0662816
28,0.0666282
29,0.0669686
30,0.0673049
31,0.0676305
32,0.0679411
33,0.0682374
34,0.0685189
35,0.0687999
36,0.0690826
37,0.0693587
38,0.0696313
39,0.0698968
40,0.0701515
41,0.0703984
42,0.0706436
43,0.0708868
44,0.0711279
45,0.0713667
46,0.0716062
47,0.0718379
48,0.0720476
49,0.0722562
50,0.0724756
51,0.0726925
52,0.0728971
53,0.073084
54,0.0732607
55,0.0734341
56,0.0736145
57,0.0738072
58,0.0740072
59,0.0742042
60,0.074392
61,0.0745682
62,0.0747353
63,0.0749015
64,0.0750652
65,0.0752245
66,0.0753872
67,0.0755548
68,0.0757216
69,0.0758883
70,0.0760546
71,0.0762144
72,0.0763585
73,0.0764765
74,0.0765948
75,0.0767072
76,0.0768436
77,0.0770491
78,0.0772106
79,0.0773472
80,0.0774893
81,0.0776188
82,0.0777479
83,0.0778843
84,0.078037
85,0.078205
86,0.0783571
87,0.0784643
88,0.0785582
89,0.078679
90,0.0788045
91,0.0789297
92,0.0790471
93,0.0791613
94,0.0792783
95,0.0793905
96,0.0795162
97,0.0796365
98,0.0797105
99,0.0797644
