2,0.00565425
3,0.0165956
4,0.0265289
5,0.0350351
6,0.0418871
7,0.047125
8,0.0510438
9,0.0538965
10,0.0559208
11,0.0573765
12,0.0584632
13,0.0593241
14,0.0600511
15,0.0606991
16,0.0612974
17,0.061855
18,0.0623824
19,0.062891
20,0.0633794
21,0.0638451
22,0.0642933
23,0.0647252
24,0.0651402
25,0.0655359
26,0.0659134
27,0.0662745
28,0.0666228
29,0.0669645
30,0.0673048
31,0.0676356
32,0.0679432
33,0.0682331
34,0.0685139
35,0.0687958
36,0.06908
37,0.0693548
38,0.0696249
39,0.0698913
40,0.0701495
41,0.0704022
42,0.0706488
43,0.0708905
44,0.0711316
45,0.0713718
46,0.0716034
47,0.071824
48,0.0720297
49,0.0722434
50,0.072471
51,0.072692
52,0.0728999
53,0.0730873
54,0.0732648
55,0.0734399
56,0.0736165
57,0.0738067
58,0.0740064
59,0.0742035
60,0.0743917
61,0.0745679
62,0.0747374
63,0.0749043
64,0.0750677
65,0.0752263
66,0.0753872
67,0.0755548
68,0.0757215
69,0.0758872
70,0.076054
71,0.0762124
72,0.0763536
73,0.0764685
74,0.0765942
75,0.0767152
76,0.076848
77,0.0770464
78,0.0772082
79,0.0773466
80,0.0774892
81,0.0776183
82,0.0777478
83,0.0778836
84,0.078037
85,0.078205
86,0.0783571
87,0.0784643
88,0.0785582
89,0.078679
90,0.0788044
91,0.0789292
92,0.0790471
93,0.0791612
94,0.0792782
95,0.0793902
96,0.0795163
97,0.0796367
98,0.0797105
99,0.0797644
