2,0.00555341
3,0.0163182
4,0.0259835
5,0.0343025
6,0.0411712
7,0.0463688
8,0.0502909
9,0.0532934
10,0.0555202
11,0.0571412
12,0.0583327
13,0.0592589
14,0.0600173
15,0.0606844
16,0.0612871
17,0.0618495
18,0.0623812
19,0.0628874
20,0.0633758
21,0.0638418
22,0.0642915
23,0.0647217
24,0.0651338
25,0.065529
26,0.0659072
27,0.0662703
28,0.0666214
29,0.0669652
30,0.0673083
31,0.0676471
32,0.0679503
33,0.06823
34,0.068509
35,0.0687908
36,0.0690776
37,0.0693527
38,0.0696226
39,0.0698883
40,0.0701467
41,0.0703999
42,0.0706481
43,0.070893
44,0.0711343
45,0.0713702
46,0.0715974
47,0.0718145
48,0.0720209
49,0.0722364
50,0.0724669
51,0.0726906
52,0.0728973
53,0.0730879
54,0.0732667
55,0.0734358
56,0.0736108
57,0.0738065
58,0.0740084
59,0.0742046
60,0.0743909
61,0.0745665
62,0.0747373
63,0.074905
64,0.0750688
65,0.0752297
66,0.0753906
67,0.0755575
68,0.0757266
69,0.075889
70,0.0760492
71,0.0762055
72,0.0763406
73,0.0764598
74,0.0765903
75,0.0767132
76,0.0768529
77,0.0770394
78,0.077205
79,0.0773454
80,0.077486
81,0.0776174
82,0.0777462
83,0.077881
84,0.078033
85,0.0782023
86,0.0783558
87,0.0784614
88,0.0785556
89,0.0786763
90,0.0788019
91,0.078927
92,0.0790449
93,0.079159
94,0.0792773
95,0.0793907
96,0.0795183
97,0.0796367
98,0.0797094
99,0.0797613
