2,0.00559567
3,0.0163407
4,0.0257514
5,0.0337495
6,0.0404464
7,0.0455474
8,0.0494039
9,0.0524575
10,0.0548588
11,0.0566893
12,0.0580621
13,0.059115
14,0.0599511
15,0.0606667
16,0.0612939
17,0.0618692
18,0.0624039
19,0.0629094
20,0.0633946
21,0.0638553
22,0.064304
23,0.0647325
24,0.0651405
25,0.0655353
26,0.0659129
27,0.0662767
28,0.0666275
29,0.0669753
30,0.0673187
31,0.067657
32,0.0679622
33,0.0682338
34,0.0685095
35,0.0687907
36,0.069074
37,0.0693511
38,0.0696211
39,0.0698846
40,0.0701435
41,0.0703993
42,0.0706486
43,0.0708932
44,0.0711368
45,0.0713732
46,0.0715978
47,0.0718147
48,0.072025
49,0.0722401
50,0.0724634
51,0.07268
52,0.0728838
53,0.0730781
54,0.0732611
55,0.073431
56,0.0736057
57,0.0738018
58,0.0740052
59,0.0741998
60,0.0743852
61,0.0745624
62,0.0747331
63,0.0749022
64,0.0750713
65,0.0752357
66,0.0753958
67,0.0755589
68,0.0757246
69,0.0758882
70,0.0760468
71,0.0761945
72,0.0763285
73,0.0764604
74,0.0765887
75,0.0767132
76,0.0768586
77,0.0770257
78,0.0771898
79,0.0773416
80,0.0774847
81,0.0776151
82,0.0777433
83,0.0778803
84,0.0780329
85,0.0782011
86,0.0783562
87,0.07846
88,0.0785517
89,0.078676
90,0.0788033
91,0.0789251
92,0.0790415
93,0.0791549
94,0.0792737
95,0.079393
96,0.0795208
97,0.0796366
98,0.0797085
99,0.079755
