2,0.00554141
3,0.0161166
4,0.0253513
5,0.033227
6,0.0397909
7,0.0447984
8,0.0486575
9,0.0518177
10,0.0543397
11,0.0562753
12,0.0577672
13,0.0589352
14,0.0598636
15,0.0606288
16,0.0612862
17,0.061875
18,0.0624156
19,0.0629217
20,0.0634065
21,0.0638665
22,0.0643094
23,0.0647386
24,0.065145
25,0.0655371
26,0.0659146
27,0.0662796
28,0.0666336
29,0.0669847
30,0.0673284
31,0.0676608
32,0.0679635
33,0.0682358
34,0.0685106
35,0.068791
36,0.0690736
37,0.0693497
38,0.0696196
39,0.0698827
40,0.0701402
41,0.0703967
42,0.0706481
43,0.0708963
44,0.0711386
45,0.0713707
46,0.0715941
47,0.0718139
48,0.0720285
49,0.0722415
50,0.0724593
51,0.0726711
52,0.0728731
53,0.0730703
54,0.0732567
55,0.0734289
56,0.0736046
57,0.0737989
58,0.0739999
59,0.0741928
60,0.0743789
61,0.074559
62,0.0747325
63,0.074904
64,0.0750748
65,0.0752398
66,0.0753996
67,0.0755595
68,0.0757215
69,0.0758847
70,0.0760412
71,0.0761862
72,0.0763217
73,0.0764568
74,0.0765882
75,0.0767152
76,0.0768574
77,0.0770155
78,0.0771785
79,0.0773374
80,0.0774848
81,0.0776144
82,0.0777426
83,0.0778804
84,0.0780332
85,0.0782012
86,0.0783563
87,0.0784602
88,0.0785509
89,0.0786758
90,0.0788035
91,0.0789237
92,0.079041
93,0.0791544
94,0.0792729
95,0.0793953
96,0.0795224
97,0.0796369
98,0.0797082
99,0.0797482
