2,0.00549432
3,0.0159417
4,0.0249558
5,0.0326527
6,0.0391263
7,0.0440936
8,0.0480165
9,0.0512606
10,0.0538568
11,0.0558773
12,0.0574321
13,0.0586742
14,0.0597147
15,0.0605698
16,0.0612679
17,0.0618702
18,0.0624223
19,0.0629352
20,0.0634157
21,0.0638773
22,0.0643175
23,0.0647414
24,0.0651505
25,0.0655409
26,0.0659188
27,0.0662846
28,0.0666405
29,0.0669938
30,0.0673391
31,0.0676699
32,0.0679656
33,0.0682361
34,0.0685097
35,0.06879
36,0.069073
37,0.0693486
38,0.0696173
39,0.0698798
40,0.0701384
41,0.0703946
42,0.0706487
43,0.0708988
44,0.0711392
45,0.0713686
46,0.0715926
47,0.071816
48,0.0720309
49,0.072241
50,0.0724546
51,0.0726635
52,0.0728649
53,0.0730627
54,0.0732521
55,0.0734264
56,0.0736031
57,0.0737973
58,0.0739953
59,0.0741868
60,0.0743733
61,0.0745538
62,0.074729
63,0.0749023
64,0.0750743
65,0.0752422
66,0.0754036
67,0.0755622
68,0.0757219
69,0.0758816
70,0.0760354
71,0.0761803
72,0.0763205
73,0.0764603
74,0.0765891
75,0.0767137
76,0.0768546
77,0.0770131
78,0.0771791
79,0.0773372
80,0.0774835
81,0.0776144
82,0.0777423
83,0.0778804
84,0.0780334
85,0.0782009
86,0.0783568
87,0.0784601
88,0.0785515
89,0.0786762
90,0.0788018
91,0.0789215
92,0.0790402
93,0.0791543
94,0.0792708
95,0.0793932
96,0.0795224
97,0.0796364
98,0.0797044
99,0.0797415
