2,0.00541884
3,0.0157126
4,0.0245372
5,0.0320533
6,0.038478
7,0.0434771
8,0.0474357
9,0.0507326
10,0.0534113
11,0.055535
12,0.0571616
13,0.0584378
14,0.0595125
15,0.0604346
16,0.0612064
17,0.0618466
18,0.0624112
19,0.0629362
20,0.0634229
21,0.063884
22,0.064324
23,0.0647469
24,0.0651547
25,0.0655457
26,0.065923
27,0.0662891
28,0.0666475
29,0.0670032
30,0.0673492
31,0.0676748
32,0.0679648
33,0.0682363
34,0.0685091
35,0.0687874
36,0.0690714
37,0.0693475
38,0.0696164
39,0.0698789
40,0.0701367
41,0.0703944
42,0.0706506
43,0.0708988
44,0.0711376
45,0.071365
46,0.0715903
47,0.0718159
48,0.0720292
49,0.0722389
50,0.0724503
51,0.0726549
52,0.0728538
53,0.0730541
54,0.0732459
55,0.0734228
56,0.0736016
57,0.0737943
58,0.0739908
59,0.0741824
60,0.0743694
61,0.0745511
62,0.0747278
63,0.0749019
64,0.0750745
65,0.0752433
66,0.075406
67,0.0755647
68,0.0757222
69,0.0758796
70,0.0760307
71,0.0761755
72,0.0763179
73,0.0764582
74,0.0765886
75,0.0767145
76,0.0768555
77,0.0770141
78,0.0771792
79,0.0773374
80,0.0774837
81,0.0776135
82,0.0777421
83,0.0778805
84,0.0780318
85,0.078201
86,0.0783561
87,0.0784602
88,0.0785516
89,0.0786727
90,0.078801
91,0.078921
92,0.0790397
93,0.079154
94,0.0792676
95,0.0793902
96,0.0795226
97,0.0796359
98,0.0796993
99,0.0797383
