2,0.0127267
3,0.033944
4,0.0462205
5,0.0515233
6,0.0536608
7,0.0547214
8,0.0556354
9,0.0565618
10,0.0574574
11,0.0582858
12,0.0590334
13,0.0597089
14,0.0603358
15,0.0609296
16,0.0614986
17,0.0620399
18,0.062557
19,0.0630541
20,0.0635269
21,0.0639744
22,0.0644012
23,0.0648104
24,0.0652057
25,0.0655952
26,0.0659781
27,0.0663406
28,0.0666752
29,0.0669929
30,0.0673104
31,0.0676304
32,0.0679483
33,0.068257
34,0.0685529
35,0.0688353
36,0.0691061
37,0.0693704
38,0.0696316
39,0.0698902
40,0.0701445
41,0.0703915
42,0.0706358
43,0.0708831
44,0.071127
45,0.0713656
46,0.0715956
47,0.0718095
48,0.0720201
49,0.0722403
50,0.0724657
51,0.0726875
52,0.0728969
53,0.0730921
54,0.0732771
55,0.073445
56,0.0736173
57,0.0738189
58,0.0740208
59,0.0742079
60,0.0743872
61,0.0745618
62,0.0747353
63,0.0749004
64,0.0750584
65,0.0752201
66,0.0753841
67,0.0755518
68,0.0757213
69,0.0758868
70,0.0760527
71,0.0762219
72,0.0763812
73,0.0765243
74,0.07667
75,0.0768226
76,0.0769641
77,0.0770913
78,0.0772164
79,0.0773482
80,0.0774857
81,0.077619
82,0.0777484
83,0.0778854
84,0.0780328
85,0.0781987
86,0.0783567
87,0.0784656
88,0.078563
89,0.0786805
90,0.078804
91,0.078934
92,0.0790638
93,0.0791765
94,0.0792824
95,0.079394
96,0.0795165
97,0.0796358
98,0.079711
99,0.0797644
