2,0.00532934
3,0.0154124
4,0.0240558
5,0.0314933
6,0.0378865
7,0.0429046
8,0.0468948
9,0.0502188
10,0.0529618
11,0.0551737
12,0.0569119
13,0.0582748
14,0.059384
15,0.0603229
16,0.0611136
17,0.0617869
18,0.0623863
19,0.0629277
20,0.0634223
21,0.0638885
22,0.0643292
23,0.0647523
24,0.0651593
25,0.0655495
26,0.0659273
27,0.066294
28,0.0666556
29,0.0670099
30,0.0673548
31,0.0676805
32,0.0679682
33,0.068237
34,0.0685093
35,0.068788
36,0.0690706
37,0.0693459
38,0.0696146
39,0.0698769
40,0.0701351
41,0.0703962
42,0.0706524
43,0.0708978
44,0.0711351
45,0.0713629
46,0.0715901
47,0.0718163
48,0.0720297
49,0.0722379
50,0.0724458
51,0.0726473
52,0.072846
53,0.0730463
54,0.07324
55,0.0734206
56,0.0736013
57,0.0737915
58,0.0739849
59,0.0741745
60,0.074362
61,0.0745482
62,0.0747279
63,0.0749026
64,0.0750767
65,0.0752459
66,0.0754075
67,0.0755657
68,0.0757218
69,0.0758769
70,0.0760265
71,0.0761713
72,0.0763136
73,0.0764547
74,0.0765884
75,0.0767149
76,0.0768552
77,0.0770132
78,0.0771787
79,0.0773369
80,0.0774825
81,0.0776143
82,0.0777428
83,0.077881
84,0.0780331
85,0.0782018
86,0.0783564
87,0.0784589
88,0.0785509
89,0.0786716
90,0.0787987
91,0.0789206
92,0.0790397
93,0.079154
94,0.079266
95,0.0793873
96,0.0795221
97,0.0796368
98,0.0796988
99,0.0797366
