2,0.00525548
3,0.0152294
4,0.0237238
5,0.0309718
6,0.0373005
7,0.0423298
8,0.0463265
9,0.0496565
10,0.0524418
11,0.0547442
12,0.0566052
13,0.0580961
14,0.0592644
15,0.0602126
16,0.061022
17,0.0617249
18,0.0623516
19,0.0629181
20,0.0634252
21,0.0638958
22,0.0643397
23,0.0647619
24,0.0651683
25,0.065558
26,0.0659363
27,0.0663033
28,0.0666669
29,0.0670202
30,0.0673623
31,0.067687
32,0.0679708
33,0.0682389
34,0.0685101
35,0.0687881
36,0.0690712
37,0.0693457
38,0.0696136
39,0.0698756
40,0.0701351
41,0.0703972
42,0.0706532
43,0.0708966
44,0.0711333
45,0.0713617
46,0.0715899
47,0.0718174
48,0.0720303
49,0.0722366
50,0.0724419
51,0.0726423
52,0.07284
53,0.0730398
54,0.0732345
55,0.0734169
56,0.0735983
57,0.0737899
58,0.0739807
59,0.0741671
60,0.0743566
61,0.0745436
62,0.0747239
63,0.0748997
64,0.0750749
65,0.0752458
66,0.0754086
67,0.0755657
68,0.0757217
69,0.0758764
70,0.0760256
71,0.0761706
72,0.0763139
73,0.0764577
74,0.0765882
75,0.0767134
76,0.0768548
77,0.0770127
78,0.0771787
79,0.0773357
80,0.0774804
81,0.0776132
82,0.0777424
83,0.0778808
84,0.0780337
85,0.0782012
86,0.0783556
87,0.0784603
88,0.0785527
89,0.0786728
90,0.078798
91,0.0789203
92,0.0790413
93,0.0791546
94,0.0792654
95,0.0793857
96,0.0795204
97,0.0796363
98,0.079699
99,0.0797349
