2,0.00523686
3,0.015113
4,0.0233863
5,0.030457
6,0.0367498
7,0.0417902
8,0.0457863
9,0.0491177
10,0.0519503
11,0.0543248
12,0.0562585
13,0.0578211
14,0.0590642
15,0.0600693
16,0.0609177
17,0.0616578
18,0.0623076
19,0.0628876
20,0.063423
21,0.0639053
22,0.0643519
23,0.0647771
24,0.0651838
25,0.0655724
26,0.0659485
27,0.0663187
28,0.0666805
29,0.0670368
30,0.0673793
31,0.0676942
32,0.0679738
33,0.0682393
34,0.0685111
35,0.0687888
36,0.0690696
37,0.0693441
38,0.0696119
39,0.0698747
40,0.0701342
41,0.0703976
42,0.0706548
43,0.0708978
44,0.0711327
45,0.0713595
46,0.0715879
47,0.0718177
48,0.0720312
49,0.0722353
50,0.0724393
51,0.0726383
52,0.072835
53,0.0730334
54,0.0732276
55,0.0734113
56,0.0735937
57,0.0737847
58,0.073977
59,0.0741656
60,0.0743541
61,0.0745384
62,0.074718
63,0.0748962
64,0.0750719
65,0.0752422
66,0.0754054
67,0.0755663
68,0.0757252
69,0.0758779
70,0.0760241
71,0.0761692
72,0.0763157
73,0.0764606
74,0.0765893
75,0.0767134
76,0.0768544
77,0.0770119
78,0.0771773
79,0.0773333
80,0.0774785
81,0.077613
82,0.0777424
83,0.0778793
84,0.0780318
85,0.0782009
86,0.0783555
87,0.0784603
88,0.0785534
89,0.0786713
90,0.0787962
91,0.0789207
92,0.0790415
93,0.0791529
94,0.079264
95,0.0793854
96,0.0795197
97,0.0796359
98,0.0796994
99,0.0797343
