2,0.005158
3,0.0148428
4,0.0229694
5,0.0299889
6,0.0362491
7,0.041292
8,0.0453238
9,0.0486883
10,0.0515505
11,0.0539568
12,0.055917
13,0.0575227
14,0.0588381
15,0.0599145
16,0.0608031
17,0.0615624
18,0.0622415
19,0.0628528
20,0.0634037
21,0.0639031
22,0.0643637
23,0.0647923
24,0.0651994
25,0.065587
26,0.065964
27,0.0663358
28,0.0667009
29,0.0670541
30,0.0673881
31,0.0676979
32,0.0679766
33,0.068242
34,0.0685124
35,0.0687896
36,0.0690692
37,0.0693426
38,0.0696108
39,0.0698743
40,0.0701347
41,0.0703992
42,0.0706562
43,0.0708988
44,0.0711328
45,0.0713582
46,0.0715875
47,0.0718174
48,0.0720306
49,0.0722349
50,0.0724366
51,0.0726354
52,0.0728336
53,0.0730303
54,0.073222
55,0.0734082
56,0.0735935
57,0.0737822
58,0.0739724
59,0.0741606
60,0.0743488
61,0.0745355
62,0.0747172
63,0.0748945
64,0.075069
65,0.075239
66,0.0754036
67,0.0755655
68,0.0757251
69,0.0758777
70,0.0760234
71,0.076169
72,0.0763193
73,0.0764657
74,0.0765902
75,0.076713
76,0.0768558
77,0.0770129
78,0.0771768
79,0.0773302
80,0.0774767
81,0.0776133
82,0.077743
83,0.0778804
84,0.0780326
85,0.0782011
86,0.0783557
87,0.0784603
88,0.0785548
89,0.0786725
90,0.0787966
91,0.0789197
92,0.0790414
93,0.0791541
94,0.0792636
95,0.0793856
96,0.0795197
97,0.0796362
98,0.0796993
99,0.0797307
