2,0.00529556
3,0.0151697
4,0.0227908
5,0.0290496
6,0.0350507
7,0.040064
8,0.0442487
9,0.0477067
10,0.0505943
11,0.0531109
12,0.0552135
13,0.05693
14,0.0582801
15,0.0594234
16,0.0603999
17,0.061231
18,0.0619987
19,0.0627042
20,0.063303
21,0.0638379
22,0.0643605
23,0.0648343
24,0.0652477
25,0.0656398
26,0.0660223
27,0.0663889
28,0.0667524
29,0.0670978
30,0.067423
31,0.0677165
32,0.0679816
33,0.0682448
34,0.0685144
35,0.0687935
36,0.069067
37,0.0693427
38,0.0696148
39,0.06988
40,0.0701446
41,0.0704072
42,0.0706639
43,0.0709054
44,0.0711329
45,0.0713596
46,0.0715921
47,0.0718188
48,0.0720314
49,0.0722356
50,0.0724348
51,0.0726301
52,0.0728258
53,0.0730238
54,0.0732165
55,0.0733987
56,0.0735813
57,0.0737743
58,0.0739681
59,0.0741578
60,0.0743477
61,0.0745341
62,0.0747135
63,0.0748893
64,0.0750642
65,0.0752344
66,0.0754005
67,0.0755643
68,0.0757245
69,0.075878
70,0.0760248
71,0.0761718
72,0.076324
73,0.0764723
74,0.0766004
75,0.0767242
76,0.0768632
77,0.0770168
78,0.0771739
79,0.0773223
80,0.0774651
81,0.0776056
82,0.0777441
83,0.0778862
84,0.0780353
85,0.078198
86,0.0783527
87,0.0784641
88,0.0785592
89,0.0786744
90,0.0787988
91,0.0789197
92,0.0790367
93,0.0791497
94,0.0792625
95,0.0793878
96,0.079516
97,0.079621
98,0.0796893
99,0.0797201
