2,0.00525371
3,0.0148514
4,0.0221601
5,0.0282668
6,0.0341856
7,0.0391783
8,0.0433734
9,0.0468838
10,0.0498215
11,0.0523688
12,0.0544973
13,0.0562767
14,0.0577397
15,0.0589762
16,0.0600448
17,0.0609519
18,0.0617161
19,0.0624027
20,0.0630461
21,0.0636656
22,0.0642536
23,0.0647662
24,0.065224
25,0.0656621
26,0.066064
27,0.0664346
28,0.0667843
29,0.0671047
30,0.0674177
31,0.067717
32,0.0679983
33,0.0682696
34,0.0685275
35,0.0687974
36,0.0690726
37,0.0693482
38,0.0696234
39,0.0698927
40,0.0701568
41,0.070417
42,0.0706718
43,0.0709098
44,0.0711423
45,0.0713725
46,0.0716024
47,0.0718275
48,0.0720348
49,0.0722364
50,0.0724345
51,0.072628
52,0.0728212
53,0.0730175
54,0.07321
55,0.0733942
56,0.0735783
57,0.0737693
58,0.0739635
59,0.0741557
60,0.0743449
61,0.074529
62,0.0747073
63,0.0748831
64,0.075058
65,0.0752289
66,0.0753953
67,0.0755577
68,0.0757172
69,0.0758738
70,0.0760267
71,0.0761757
72,0.0763207
73,0.0764643
74,0.0766027
75,0.0767344
76,0.0768713
77,0.0770222
78,0.0771761
79,0.0773217
80,0.0774638
81,0.0776061
82,0.0777459
83,0.0778878
84,0.0780364
85,0.078199
86,0.078353
87,0.0784646
88,0.0785644
89,0.0786794
90,0.0787996
91,0.0789183
92,0.079035
93,0.0791506
94,0.0792658
95,0.0793886
96,0.0795153
97,0.0796184
98,0.079676
99,0.0796971
