2,0.00515351
3,0.0146302
4,0.0218985
5,0.0279363
6,0.0337999
7,0.0387853
8,0.0429679
9,0.0464789
10,0.049421
11,0.0519714
12,0.0541223
13,0.0559307
14,0.0574494
15,0.0587545
16,0.0598622
17,0.060806
18,0.0616097
19,0.0623161
20,0.0629805
21,0.0636113
22,0.0641898
23,0.0647282
24,0.0652226
25,0.06566
26,0.0660651
27,0.0664426
28,0.0667931
29,0.0671174
30,0.0674329
31,0.067734
32,0.0680098
33,0.0682752
34,0.068534
35,0.0688016
36,0.0690756
37,0.0693539
38,0.0696275
39,0.0698972
40,0.0701587
41,0.0704185
42,0.0706769
43,0.0709162
44,0.0711473
45,0.0713747
46,0.0716062
47,0.0718319
48,0.0720373
49,0.0722373
50,0.0724343
51,0.0726273
52,0.0728194
53,0.0730147
54,0.0732068
55,0.0733925
56,0.0735783
57,0.0737683
58,0.0739617
59,0.074153
60,0.0743422
61,0.0745263
62,0.0747052
63,0.0748821
64,0.0750564
65,0.0752264
66,0.0753925
67,0.0755556
68,0.075716
69,0.0758729
70,0.0760261
71,0.0761736
72,0.0763126
73,0.0764511
74,0.0765944
75,0.0767347
76,0.0768729
77,0.0770227
78,0.0771767
79,0.0773217
80,0.0774632
81,0.0776054
82,0.0777456
83,0.0778875
84,0.0780368
85,0.0781996
86,0.0783533
87,0.0784644
88,0.0785634
89,0.0786786
90,0.0787984
91,0.0789163
92,0.0790341
93,0.0791503
94,0.0792658
95,0.0793896
96,0.0795156
97,0.0796186
98,0.0796757
99,0.0796936
