2,0.00519528
3,0.0146609
4,0.0217001
5,0.0275517
6,0.0333674
7,0.0383037
8,0.0425095
9,0.0460593
10,0.0490056
11,0.0515671
12,0.0537736
13,0.0556667
14,0.057234
15,0.0585409
16,0.0596608
17,0.0606275
18,0.0614567
19,0.062183
20,0.0628482
21,0.0634927
22,0.0641099
23,0.0646755
24,0.0651876
25,0.0656516
26,0.0660676
27,0.0664455
28,0.0667994
29,0.0671316
30,0.067448
31,0.0677465
32,0.0680216
33,0.068284
34,0.0685399
35,0.0688078
36,0.0690847
37,0.0693583
38,0.0696307
39,0.0699007
40,0.0701635
41,0.070427
42,0.0706843
43,0.0709207
44,0.0711512
45,0.0713808
46,0.0716101
47,0.0718343
48,0.0720399
49,0.0722396
50,0.0724351
51,0.0726244
52,0.0728164
53,0.0730127
54,0.0732054
55,0.0733895
56,0.0735734
57,0.073765
58,0.0739596
59,0.0741516
60,0.0743409
61,0.0745238
62,0.0747017
63,0.0748795
64,0.0750553
65,0.0752254
66,0.0753908
67,0.075555
68,0.0757178
69,0.0758752
70,0.0760251
71,0.0761695
72,0.0763165
73,0.0764628
74,0.0765971
75,0.0767299
76,0.076871
77,0.0770218
78,0.0771754
79,0.077321
80,0.0774637
81,0.0776058
82,0.0777454
83,0.0778868
84,0.0780357
85,0.0781984
86,0.0783521
87,0.0784642
88,0.0785637
89,0.0786797
90,0.0787999
91,0.0789171
92,0.0790334
93,0.0791487
94,0.0792648
95,0.0793897
96,0.0795163
97,0.0796181
98,0.0796744
99,0.079693
