2,0.00535925
3,0.0151278
4,0.0218657
5,0.0270404
6,0.0325852
7,0.0375635
8,0.0419031
9,0.0455561
10,0.0486382
11,0.0512634
12,0.0534474
13,0.0553505
14,0.0569561
15,0.0583256
16,0.0594893
17,0.0604768
18,0.0613261
19,0.0620891
20,0.0627969
21,0.0634643
22,0.0640734
23,0.0646231
24,0.0651326
25,0.0655925
26,0.0660154
27,0.0664137
28,0.0667844
29,0.0671239
30,0.0674218
31,0.0677065
32,0.0680016
33,0.0682794
34,0.0685403
35,0.0688123
36,0.0690836
37,0.0693586
38,0.0696278
39,0.0698899
40,0.0701532
41,0.0704197
42,0.0706781
43,0.0709185
44,0.0711567
45,0.0713921
46,0.0716196
47,0.0718345
48,0.0720396
49,0.0722381
50,0.0724313
51,0.0726219
52,0.0728153
53,0.0730112
54,0.0732032
55,0.0733858
56,0.0735695
57,0.0737633
58,0.0739585
59,0.0741505
60,0.0743389
61,0.0745208
62,0.0746988
63,0.0748768
64,0.0750529
65,0.075224
66,0.0753906
67,0.0755558
68,0.0757194
69,0.0758765
70,0.0760252
71,0.0761704
72,0.0763187
73,0.076466
74,0.0766019
75,0.0767322
76,0.0768702
77,0.077021
78,0.0771737
79,0.0773203
80,0.0774644
81,0.0776056
82,0.0777452
83,0.077888
84,0.0780396
85,0.0782027
86,0.078352
87,0.0784629
88,0.0785632
89,0.0786772
90,0.0787982
91,0.0789174
92,0.0790339
93,0.0791497
94,0.0792659
95,0.0793888
96,0.0795151
97,0.0796164
98,0.0796698
99,0.0796885
