2,0.00932441
3,0.0235601
4,0.0295751
5,0.0324724
6,0.0355485
7,0.0383619
8,0.0411712
9,0.043695
10,0.0459159
11,0.0478369
12,0.049588
13,0.0512181
14,0.052807
15,0.0543361
16,0.0558229
17,0.0572275
18,0.0585651
19,0.0597963
20,0.060913
21,0.0619271
22,0.0628384
23,0.0636267
24,0.0642604
25,0.0647448
26,0.0651313
27,0.0655366
28,0.0659815
29,0.0664236
30,0.0669224
31,0.0674238
32,0.0678534
33,0.0682105
34,0.0685314
35,0.0688676
36,0.0692106
37,0.0695246
38,0.0698076
39,0.0700892
40,0.0703485
41,0.0706192
42,0.0708909
43,0.0711128
44,0.0712983
45,0.0714844
46,0.0716672
47,0.0718653
48,0.0720828
49,0.0722939
50,0.0725074
51,0.0727077
52,0.0728964
53,0.0730815
54,0.0732613
55,0.0734403
56,0.0736201
57,0.0738048
58,0.0739939
59,0.0741826
60,0.0743681
61,0.0745482
62,0.0747239
63,0.0748986
64,0.0750697
65,0.0752371
66,0.0754017
67,0.0755615
68,0.0757191
69,0.0758755
70,0.0760282
71,0.0761782
72,0.0763256
73,0.0764693
74,0.0766102
75,0.0767467
76,0.0768847
77,0.0770296
78,0.0771751
79,0.0773202
80,0.0774627
81,0.0776029
82,0.0777461
83,0.0778928
84,0.078047
85,0.0782092
86,0.0783571
87,0.0784679
88,0.078569
89,0.0786831
90,0.0788001
91,0.0789162
92,0.0790335
93,0.0791522
94,0.0792708
95,0.0793922
96,0.0795165
97,0.0796166
98,0.0796622
99,0.0796732
