2,0.00639582
3,0.0177069
4,0.0257953
5,0.0312129
6,0.0352783
7,0.0386268
8,0.04147
9,0.0438828
10,0.0459421
11,0.0477767
12,0.0494918
13,0.0511355
14,0.0527152
15,0.0542276
16,0.0556704
17,0.0570443
18,0.058339
19,0.0595419
20,0.0606488
21,0.061656
22,0.0625579
23,0.0633501
24,0.0640355
25,0.0646235
26,0.0651332
27,0.0655938
28,0.0660384
29,0.0664862
30,0.0669369
31,0.0673805
32,0.0678006
33,0.0681831
34,0.0685325
35,0.0688593
36,0.0691782
37,0.0694957
38,0.0697989
39,0.0700837
40,0.0703553
41,0.0706182
42,0.0708668
43,0.0710924
44,0.0713002
45,0.0714996
46,0.0716976
47,0.0718933
48,0.0720861
49,0.0722889
50,0.0724979
51,0.072702
52,0.0728965
53,0.0730823
54,0.0732617
55,0.0734361
56,0.0736145
57,0.0738033
58,0.0739931
59,0.0741767
60,0.0743595
61,0.0745464
62,0.07473
63,0.0749031
64,0.0750719
65,0.0752374
66,0.0754006
67,0.0755635
68,0.0757214
69,0.0758772
70,0.0760314
71,0.0761746
72,0.0762867
73,0.0764369
74,0.0766102
75,0.076741
76,0.0768759
77,0.0770278
78,0.0771791
79,0.0773171
80,0.0774633
81,0.0776094
82,0.0777471
83,0.0778943
84,0.0780512
85,0.0782128
86,0.0783572
87,0.0784643
88,0.0785672
89,0.0786818
90,0.0787974
91,0.0789104
92,0.0790271
93,0.0791569
94,0.0792829
95,0.0793952
96,0.0795163
97,0.0796181
98,0.0796582
99,0.0796794
