2,0.0057488
3,0.0162551
4,0.0244756
5,0.0304554
6,0.0349109
7,0.0383897
8,0.0412533
9,0.0437005
10,0.0458238
11,0.0477132
12,0.0494546
13,0.051104
14,0.0526854
15,0.0541994
16,0.0556395
17,0.0570073
18,0.0582954
19,0.059494
20,0.0605981
21,0.0616029
22,0.062503
23,0.0632959
24,0.0639862
25,0.0645851
26,0.0651099
27,0.0655846
28,0.0660385
29,0.0664886
30,0.0669337
31,0.067368
32,0.0677811
33,0.0681636
34,0.0685193
35,0.0688553
36,0.0691793
37,0.0694949
38,0.0697954
39,0.0700793
40,0.0703518
41,0.0706148
42,0.0708624
43,0.0710891
44,0.0712981
45,0.0714985
46,0.0716983
47,0.0718966
48,0.0720882
49,0.0722858
50,0.07249
51,0.0726961
52,0.0728971
53,0.0730826
54,0.0732605
55,0.0734345
56,0.0736151
57,0.0738042
58,0.0739919
59,0.0741755
60,0.0743604
61,0.0745487
62,0.0747336
63,0.074908
64,0.0750744
65,0.0752378
66,0.0754006
67,0.0755636
68,0.075722
69,0.075877
70,0.0760309
71,0.0761701
72,0.0762716
73,0.076428
74,0.07661
75,0.0767414
76,0.0768763
77,0.0770275
78,0.0771807
79,0.0773168
80,0.0774634
81,0.0776095
82,0.0777471
83,0.0778943
84,0.0780514
85,0.0782128
86,0.0783571
87,0.0784643
88,0.0785671
89,0.0786817
90,0.0787975
91,0.0789102
92,0.0790271
93,0.0791629
94,0.0792862
95,0.079395
96,0.0795163
97,0.0796189
98,0.0796582
99,0.0796787
