2,0.0053092
3,0.0152081
4,0.0233743
5,0.0296541
6,0.0344113
7,0.0380769
8,0.0410354
9,0.0435344
10,0.0457054
11,0.0476371
12,0.0494071
13,0.05107
14,0.0526538
15,0.0541648
16,0.0556052
17,0.0569716
18,0.0582538
19,0.0594472
20,0.0605495
21,0.0615478
22,0.0624416
23,0.0632419
24,0.0639418
25,0.0645486
26,0.0650853
27,0.0655729
28,0.0660363
29,0.0664887
30,0.0669288
31,0.0673538
32,0.0677618
33,0.0681518
34,0.0685178
35,0.0688567
36,0.0691805
37,0.0694951
38,0.0697937
39,0.0700753
40,0.0703457
41,0.070607
42,0.0708571
43,0.0710895
44,0.0712999
45,0.0714984
46,0.0716919
47,0.0718929
48,0.0720879
49,0.072287
50,0.0724931
51,0.0726942
52,0.0728965
53,0.0730833
54,0.0732606
55,0.0734356
56,0.0736151
57,0.0738031
58,0.0739919
59,0.0741763
60,0.0743615
61,0.0745489
62,0.0747339
63,0.0749084
64,0.0750738
65,0.0752379
66,0.0754008
67,0.0755638
68,0.0757217
69,0.0758772
70,0.0760307
71,0.0761619
72,0.0762569
73,0.0764222
74,0.0766102
75,0.0767415
76,0.0768765
77,0.077027
78,0.0771807
79,0.0773167
80,0.0774635
81,0.0776094
82,0.0777473
83,0.0778944
84,0.0780515
85,0.0782128
86,0.0783571
87,0.0784644
88,0.078567
89,0.0786819
90,0.0787977
91,0.0789101
92,0.0790296
93,0.0791716
94,0.0792894
95,0.0793953
96,0.0795161
97,0.079618
98,0.0796582
99,0.0796785
