2,0.00498942
3,0.0144147
4,0.0224539
5,0.0288761
6,0.0338623
7,0.0377163
8,0.0407943
9,0.0433673
10,0.0455881
11,0.0475576
12,0.049354
13,0.0510302
14,0.0526175
15,0.0541295
16,0.05557
17,0.0569339
18,0.0582133
19,0.0594044
20,0.060501
21,0.0614961
22,0.0623908
23,0.0631895
24,0.0638933
25,0.064511
26,0.0650615
27,0.0655617
28,0.0660301
29,0.0664841
30,0.0669229
31,0.067343
32,0.067748
33,0.0681392
34,0.0685082
35,0.0688529
36,0.0691803
37,0.0694947
38,0.0697927
39,0.0700712
40,0.0703389
41,0.0705992
42,0.0708507
43,0.0710873
44,0.0713004
45,0.0714989
46,0.0716899
47,0.0718929
48,0.0720922
49,0.0722928
50,0.0724986
51,0.0726966
52,0.0728971
53,0.0730831
54,0.0732598
55,0.0734349
56,0.0736148
57,0.0738031
58,0.0739922
59,0.0741767
60,0.0743613
61,0.0745486
62,0.0747336
63,0.0749097
64,0.0750762
65,0.0752383
66,0.0754004
67,0.0755638
68,0.0757217
69,0.0758776
70,0.0760311
71,0.0761621
72,0.0762529
73,0.076418
74,0.0766101
75,0.0767416
76,0.0768764
77,0.077028
78,0.0771806
79,0.0773168
80,0.0774634
81,0.0776094
82,0.077747
83,0.0778944
84,0.0780514
85,0.0782131
86,0.0783571
87,0.0784644
88,0.0785672
89,0.0786818
90,0.0787976
91,0.0789101
92,0.0790288
93,0.0791564
94,0.0792776
95,0.0793953
96,0.0795164
97,0.0796184
98,0.0796576
99,0.0796786
