2,0.00456154
3,0.0132827
4,0.0209736
5,0.0274504
6,0.0327457
7,0.036915
8,0.0402377
9,0.0429839
10,0.0453191
11,0.0473731
12,0.0492235
13,0.0509371
14,0.0525406
15,0.0540586
16,0.0554972
17,0.0568545
18,0.0581292
19,0.0593135
20,0.0604051
21,0.0613987
22,0.0622944
23,0.0630939
24,0.0638052
25,0.0644399
26,0.065011
27,0.0655302
28,0.066012
29,0.0664704
30,0.06691
31,0.0673277
32,0.0677278
33,0.0681151
34,0.0684841
35,0.0688321
36,0.0691674
37,0.0694883
38,0.0697848
39,0.0700622
40,0.0703315
41,0.0705928
42,0.0708428
43,0.0710771
44,0.0712943
45,0.0715004
46,0.0716996
47,0.0718989
48,0.0721077
49,0.072312
50,0.0724961
51,0.0726985
52,0.0729034
53,0.0730838
54,0.0732629
55,0.0734383
56,0.0736153
57,0.0738023
58,0.0739898
59,0.0741722
60,0.0743579
61,0.0745474
62,0.0747329
63,0.0749097
64,0.0750802
65,0.0752449
66,0.0754031
67,0.0755615
68,0.0757216
69,0.0758787
70,0.0760262
71,0.0761526
72,0.0762502
73,0.0764108
74,0.0766092
75,0.0767435
76,0.0768774
77,0.077034
78,0.0771816
79,0.0773178
80,0.0774637
81,0.0776101
82,0.077748
83,0.0778964
84,0.0780515
85,0.0782132
86,0.0783571
87,0.0784644
88,0.0785673
89,0.078682
90,0.0787977
91,0.0789244
92,0.079056
93,0.0791541
94,0.0792547
95,0.0793856
96,0.0795164
97,0.0796179
98,0.0796575
99,0.0796782
