2,0.00440513
3,0.0128548
4,0.0203711
5,0.026804
6,0.0321917
7,0.0365015
8,0.039938
9,0.0427702
10,0.0451712
11,0.0472738
12,0.049151
13,0.050885
14,0.0524978
15,0.0540163
16,0.0554586
17,0.0568142
18,0.0580852
19,0.0592652
20,0.0603554
21,0.0613497
22,0.0622466
23,0.0630488
24,0.063765
25,0.0644066
26,0.0649854
27,0.0655109
28,0.0659986
29,0.066461
30,0.0669015
31,0.0673197
32,0.0677182
33,0.0681009
34,0.0684687
35,0.0688199
36,0.0691573
37,0.0694819
38,0.0697807
39,0.0700587
40,0.0703289
41,0.0705889
42,0.0708355
43,0.0710737
44,0.0712975
45,0.0715037
46,0.0717012
47,0.0718994
48,0.0721082
49,0.072309
50,0.0724952
51,0.0726971
52,0.0729008
53,0.0730879
54,0.0732651
55,0.0734376
56,0.0736157
57,0.0738014
58,0.0739899
59,0.0741727
60,0.0743556
61,0.0745459
62,0.0747317
63,0.0749096
64,0.0750822
65,0.0752472
66,0.075405
67,0.0755613
68,0.0757214
69,0.075875
70,0.0760195
71,0.0761495
72,0.0762545
73,0.0763995
74,0.0765978
75,0.0767447
76,0.0768771
77,0.0770335
78,0.0771804
79,0.0773187
80,0.0774628
81,0.0776095
82,0.0777487
83,0.0778955
84,0.0780513
85,0.0782134
86,0.0783569
87,0.0784642
88,0.0785674
89,0.0786812
90,0.0787964
91,0.0789324
92,0.0790658
93,0.0791551
94,0.0792564
95,0.0793858
96,0.0795163
97,0.0796181
98,0.0796578
99,0.0796784
