2,0.00960746
3,0.0269402
4,0.0397793
5,0.0478541
6,0.0522227
7,0.0543571
8,0.055588
9,0.0565375
10,0.0574039
11,0.0582143
12,0.0589654
13,0.0596565
14,0.0602958
15,0.0608969
16,0.0614668
17,0.06201
18,0.0625292
19,0.0630276
20,0.0635021
21,0.0639533
22,0.064384
23,0.0647977
24,0.0651965
25,0.0655817
26,0.0659571
27,0.0663196
28,0.0666634
29,0.0669925
30,0.0673182
31,0.0676401
32,0.067952
33,0.0682526
34,0.0685392
35,0.068821
36,0.0690965
37,0.0693633
38,0.0696302
39,0.0698919
40,0.0701475
41,0.0703985
42,0.0706454
43,0.0708907
44,0.0711331
45,0.0713733
46,0.071602
47,0.0718149
48,0.0720283
49,0.0722465
50,0.0724681
51,0.0726889
52,0.0728966
53,0.0730878
54,0.0732657
55,0.0734369
56,0.0736145
57,0.0738071
58,0.0740096
59,0.0742081
60,0.074393
61,0.0745661
62,0.0747339
63,0.0749012
64,0.075065
65,0.0752225
66,0.0753823
67,0.0755517
68,0.0757221
69,0.0758885
70,0.076055
71,0.0762216
72,0.0763776
73,0.0765205
74,0.0766609
75,0.0767957
76,0.0769376
77,0.0770845
78,0.0772146
79,0.0773501
80,0.07749
81,0.0776203
82,0.0777472
83,0.0778848
84,0.0780367
85,0.0782052
86,0.0783572
87,0.0784627
88,0.07856
89,0.0786791
90,0.0788044
91,0.0789297
92,0.0790466
93,0.0791618
94,0.0792785
95,0.0793903
96,0.0795163
97,0.0796369
98,0.0797108
99,0.0797646
