2,0.00434801
3,0.0126672
4,0.019903
5,0.0261475
6,0.0316592
7,0.036074
8,0.0395631
9,0.0424922
10,0.0449662
11,0.0471296
12,0.0490553
13,0.0508076
14,0.0524343
15,0.0539585
16,0.0553945
17,0.0567514
18,0.0580258
19,0.0592098
20,0.0603024
21,0.0612983
22,0.0621981
23,0.0630068
24,0.0637286
25,0.0643769
26,0.0649628
27,0.0654947
28,0.0659908
29,0.0664535
30,0.0668979
31,0.06732
32,0.0677098
33,0.068086
34,0.068454
35,0.0688039
36,0.0691361
37,0.0694619
38,0.0697718
39,0.0700592
40,0.0703285
41,0.0705846
42,0.0708298
43,0.0710657
44,0.0712911
45,0.071503
46,0.0717064
47,0.0719044
48,0.0721046
49,0.0723048
50,0.0725009
51,0.0726933
52,0.0728864
53,0.0730809
54,0.0732642
55,0.0734334
56,0.0736046
57,0.0737922
58,0.0739828
59,0.0741645
60,0.0743483
61,0.0745379
62,0.0747241
63,0.0749042
64,0.0750796
65,0.0752461
66,0.0754049
67,0.0755618
68,0.0757205
69,0.0758738
70,0.0760142
71,0.0761452
72,0.0762703
73,0.0764079
74,0.0765851
75,0.076745
76,0.0768752
77,0.0770268
78,0.0771785
79,0.0773165
80,0.0774594
81,0.0776046
82,0.0777465
83,0.0778979
84,0.0780514
85,0.0782102
86,0.0783562
87,0.0784619
88,0.0785691
89,0.078682
90,0.0787953
91,0.0789322
92,0.0790626
93,0.0791547
94,0.079255
95,0.079384
96,0.0795178
97,0.0796191
98,0.0796579
99,0.0796758
