2,0.00425455
3,0.0123713
4,0.0194616
5,0.025653
6,0.0311569
7,0.0356481
8,0.039235
9,0.0422276
10,0.0447591
11,0.0469682
12,0.0489366
13,0.0507182
14,0.052356
15,0.0538861
16,0.0553259
17,0.056684
18,0.0579616
19,0.0591528
20,0.0602507
21,0.0612508
22,0.0621551
23,0.0629678
24,0.0636955
25,0.0643496
26,0.064941
27,0.0654795
28,0.0659828
29,0.0664521
30,0.0668935
31,0.0673123
32,0.0677032
33,0.0680746
34,0.0684389
35,0.0687924
36,0.0691273
37,0.0694518
38,0.0697636
39,0.0700561
40,0.0703246
41,0.0705808
42,0.0708267
43,0.0710603
44,0.0712867
45,0.0715012
46,0.0717078
47,0.0719088
48,0.0721067
49,0.0723033
50,0.0724992
51,0.0726881
52,0.0728768
53,0.0730723
54,0.0732591
55,0.0734309
56,0.0736041
57,0.0737887
58,0.0739754
59,0.0741587
60,0.0743447
61,0.0745349
62,0.0747222
63,0.0749026
64,0.0750784
65,0.0752475
66,0.0754091
67,0.0755675
68,0.0757258
69,0.0758763
70,0.0760135
71,0.0761472
72,0.0762768
73,0.0764017
74,0.076563
75,0.0767324
76,0.076872
77,0.0770228
78,0.0771785
79,0.0773153
80,0.0774533
81,0.0775998
82,0.0777461
83,0.0778981
84,0.0780532
85,0.0782133
86,0.0783565
87,0.0784626
88,0.0785691
89,0.0786804
90,0.0787946
91,0.0789325
92,0.0790628
93,0.0791557
94,0.0792565
95,0.0793844
96,0.0795166
97,0.0796188
98,0.079658
99,0.0796741
