2,0.00430048
3,0.0125513
4,0.0193622
5,0.0251026
6,0.0305629
7,0.0351066
8,0.0388076
9,0.0419097
10,0.0444867
11,0.0467546
12,0.0487511
13,0.0505351
14,0.0521862
15,0.0537456
16,0.0552071
17,0.0565794
18,0.0578857
19,0.0590959
20,0.0601956
21,0.061204
22,0.0621128
23,0.0629321
24,0.0636678
25,0.0643262
26,0.0649231
27,0.0654729
28,0.0659835
29,0.0664602
30,0.066902
31,0.0673122
32,0.0676972
33,0.0680659
34,0.0684309
35,0.0687814
36,0.0691165
37,0.0694444
38,0.0697582
39,0.0700524
40,0.0703251
41,0.0705783
42,0.0708203
43,0.0710556
44,0.0712832
45,0.0715032
46,0.0717144
47,0.0719122
48,0.0721062
49,0.0723031
50,0.0724963
51,0.0726856
52,0.0728759
53,0.0730679
54,0.0732534
55,0.0734243
56,0.0735954
57,0.0737817
58,0.0739714
59,0.0741563
60,0.074343
61,0.0745325
62,0.0747174
63,0.0748979
64,0.0750754
65,0.0752463
66,0.0754087
67,0.0755682
68,0.0757254
69,0.075875
70,0.0760163
71,0.0761503
72,0.0762772
73,0.076405
74,0.0765577
75,0.0767212
76,0.0768718
77,0.0770243
78,0.0771759
79,0.0773135
80,0.0774511
81,0.0775959
82,0.0777428
83,0.0778932
84,0.0780476
85,0.078209
86,0.0783548
87,0.0784605
88,0.0785612
89,0.0786764
90,0.0787991
91,0.0789277
92,0.0790478
93,0.0791533
94,0.07926
95,0.0793852
96,0.0795195
97,0.0796182
98,0.0796593
99,0.0796775
