2,0.0056899
3,0.0160409
4,0.0219118
5,0.0253236
6,0.0294218
7,0.0332213
8,0.0369838
9,0.0404153
10,0.0434151
11,0.0459437
12,0.0481026
13,0.0500632
14,0.0518344
15,0.0534715
16,0.0549839
17,0.056382
18,0.0576428
19,0.0588184
20,0.0599397
21,0.0610022
22,0.0619376
23,0.0627648
24,0.0635027
25,0.0641845
26,0.0648603
27,0.0654687
28,0.0659754
29,0.0664351
30,0.0668422
31,0.0672422
32,0.0676811
33,0.0680785
34,0.0684288
35,0.068784
36,0.0691242
37,0.0694536
38,0.0697683
39,0.0700642
40,0.0703361
41,0.0705796
42,0.0708282
43,0.0710541
44,0.0712828
45,0.0715107
46,0.0717139
47,0.0719183
48,0.0721146
49,0.0723061
50,0.0724995
51,0.0726889
52,0.0728796
53,0.0730707
54,0.0732503
55,0.0734219
56,0.0735943
57,0.0737781
58,0.07397
59,0.0741598
60,0.0743465
61,0.074532
62,0.0747158
63,0.0748961
64,0.0750715
65,0.0752432
66,0.0754069
67,0.0755648
68,0.0757207
69,0.0758723
70,0.0760177
71,0.0761536
72,0.0762821
73,0.0764136
74,0.0765613
75,0.0767168
76,0.0768683
77,0.0770209
78,0.0771708
79,0.0773137
80,0.0774549
81,0.077598
82,0.0777441
83,0.0778926
84,0.0780468
85,0.0782089
86,0.0783543
87,0.0784628
88,0.0785627
89,0.0786783
90,0.0788011
91,0.0789222
92,0.0790395
93,0.0791524
94,0.0792657
95,0.0793873
96,0.0795162
97,0.0796182
98,0.0796633
99,0.0796767
