2,0.00751764
3,0.0194913
4,0.0253295
5,0.0283257
6,0.0317088
7,0.0351101
8,0.0380138
9,0.0404034
10,0.0424612
11,0.0442853
12,0.0460011
13,0.0476501
14,0.0493041
15,0.0509161
16,0.0524628
17,0.0539505
18,0.0553655
19,0.0567021
20,0.0579618
21,0.0591458
22,0.0602474
23,0.061264
24,0.0621964
25,0.0630526
26,0.0638381
27,0.0645732
28,0.0652702
29,0.0659064
30,0.0664658
31,0.0669559
32,0.0674019
33,0.0678101
34,0.0682032
35,0.0686149
36,0.0690498
37,0.0694806
38,0.0698733
39,0.0702289
40,0.0705355
41,0.0707797
42,0.0709728
43,0.0711389
44,0.0713135
45,0.071521
46,0.0717552
47,0.0719924
48,0.0722181
49,0.0724268
50,0.0726186
51,0.0727997
52,0.0729758
53,0.0731484
54,0.0733174
55,0.0734834
56,0.0736532
57,0.0738338
58,0.074018
59,0.0742006
60,0.0743839
61,0.0745655
62,0.0747439
63,0.074919
64,0.0750906
65,0.0752562
66,0.0754147
67,0.0755692
68,0.0757228
69,0.0758731
70,0.0760191
71,0.0761592
72,0.0762937
73,0.0764335
74,0.0765807
75,0.0767264
76,0.0768709
77,0.0770211
78,0.0771719
79,0.0773153
80,0.0774573
81,0.0776
82,0.0777443
83,0.0778937
84,0.0780484
85,0.0782092
86,0.0783551
87,0.0784674
88,0.07857
89,0.0786833
90,0.0788024
91,0.0789206
92,0.0790378
93,0.0791548
94,0.0792712
95,0.0793916
96,0.0795172
97,0.0796163
98,0.0796565
99,0.0796664
