2,0.00616719
3,0.0167941
4,0.0238469
5,0.0282043
6,0.0316441
7,0.0348959
8,0.0378363
9,0.0403158
10,0.042399
11,0.044242
12,0.0459717
13,0.0476458
14,0.0492814
15,0.0508797
16,0.0524303
17,0.0539171
18,0.0553273
19,0.0566612
20,0.0579227
21,0.0591064
22,0.0602071
23,0.0612246
24,0.0621592
25,0.0630169
26,0.06381
27,0.0645497
28,0.0652372
29,0.0658667
30,0.0664307
31,0.0669301
32,0.0673806
33,0.0678012
34,0.0682114
35,0.0686276
36,0.0690498
37,0.0694645
38,0.0698498
39,0.070196
40,0.070502
41,0.0707543
42,0.0709589
43,0.0711444
44,0.0713299
45,0.0715421
46,0.0717747
47,0.0719967
48,0.0722104
49,0.0724191
50,0.0726137
51,0.0727969
52,0.0729754
53,0.0731472
54,0.0733115
55,0.0734619
56,0.0736187
57,0.0738113
58,0.0740124
59,0.0742
60,0.0743834
61,0.0745629
62,0.0747373
63,0.0749106
64,0.0750853
65,0.0752542
66,0.075415
67,0.0755705
68,0.0757221
69,0.0758729
70,0.0760187
71,0.0761422
72,0.0762765
73,0.0764369
74,0.0765957
75,0.076735
76,0.0768666
77,0.077023
78,0.0771793
79,0.0773168
80,0.0774538
81,0.0775979
82,0.0777418
83,0.0778896
84,0.0780477
85,0.078213
86,0.0783572
87,0.0784644
88,0.0785671
89,0.078682
90,0.0788021
91,0.0789209
92,0.0790389
93,0.0791554
94,0.0792707
95,0.0793903
96,0.0795163
97,0.0796173
98,0.0796578
99,0.079674
