2,0.00493831
3,0.014071
4,0.021442
5,0.0269783
6,0.031185
7,0.0345614
8,0.0374375
9,0.0399536
10,0.0421559
11,0.0441113
12,0.0459052
13,0.0476044
14,0.049244
15,0.0508349
16,0.0523734
17,0.0538453
18,0.0552412
19,0.0565679
20,0.0578329
21,0.0590245
22,0.0601299
23,0.0611504
24,0.0620915
25,0.0629577
26,0.063755
27,0.0644918
28,0.0651741
29,0.0658024
30,0.0663724
31,0.0668823
32,0.0673428
33,0.0677802
34,0.0682117
35,0.0686374
36,0.0690479
37,0.0694361
38,0.0698062
39,0.0701517
40,0.070457
41,0.0707159
42,0.0709414
43,0.0711492
44,0.0713503
45,0.0715635
46,0.0717895
47,0.0720087
48,0.0722142
49,0.0724159
50,0.0726115
51,0.0727958
52,0.0729738
53,0.0731429
54,0.0733013
55,0.0734541
56,0.0736157
57,0.0738025
58,0.0740048
59,0.0742002
60,0.0743835
61,0.0745597
62,0.0747335
63,0.074909
64,0.0750822
65,0.0752511
66,0.075415
67,0.0755704
68,0.0757224
69,0.0758745
70,0.076021
71,0.0761386
72,0.0762717
73,0.0764367
74,0.0765957
75,0.0767359
76,0.0768659
77,0.0770233
78,0.0771806
79,0.0773189
80,0.0774539
81,0.077598
82,0.0777418
83,0.0778896
84,0.0780477
85,0.0782131
86,0.0783572
87,0.0784643
88,0.0785671
89,0.0786819
90,0.0788021
91,0.0789209
92,0.0790389
93,0.0791553
94,0.0792707
95,0.0793904
96,0.0795163
97,0.0796182
98,0.0796575
99,0.0796741
