2,0.00872585
3,0.0248246
4,0.0374633
5,0.046005
6,0.0510964
7,0.0538631
8,0.0554182
9,0.0564866
10,0.0573734
11,0.0581831
12,0.0589353
13,0.0596307
14,0.0602762
15,0.0608818
16,0.0614537
17,0.0619983
18,0.0625185
19,0.0630165
20,0.0634903
21,0.0639408
22,0.0643722
23,0.0647874
24,0.0651877
25,0.0655752
26,0.0659524
27,0.0663156
28,0.0666608
29,0.0669925
30,0.06732
31,0.0676408
32,0.0679503
33,0.0682478
34,0.0685335
35,0.0688147
36,0.0690915
37,0.0693614
38,0.069629
39,0.0698919
40,0.0701467
41,0.0703954
42,0.0706422
43,0.0708876
44,0.0711278
45,0.0713676
46,0.0716022
47,0.0718181
48,0.0720283
49,0.0722464
50,0.0724676
51,0.0726871
52,0.0728967
53,0.0730878
54,0.0732633
55,0.0734357
56,0.0736149
57,0.073807
58,0.0740097
59,0.0742083
60,0.0743929
61,0.0745664
62,0.0747344
63,0.074901
64,0.0750649
65,0.0752226
66,0.0753827
67,0.075552
68,0.0757218
69,0.0758886
70,0.0760555
71,0.0762218
72,0.0763773
73,0.0765144
74,0.0766395
75,0.0767535
76,0.0769077
77,0.077083
78,0.0772148
79,0.07735
80,0.0774903
81,0.0776196
82,0.0777472
83,0.0778846
84,0.0780368
85,0.0782051
86,0.0783571
87,0.0784644
88,0.0785581
89,0.078679
90,0.0788044
91,0.0789297
92,0.0790477
93,0.0791618
94,0.0792784
95,0.0793904
96,0.0795163
97,0.0796368
98,0.0797109
99,0.0797646
