2,0.00715126
3,0.0207379
4,0.032364
5,0.0413209
6,0.0476124
7,0.0517365
8,0.0543404
9,0.0560048
10,0.0571627
11,0.0580685
12,0.0588455
13,0.0595553
14,0.0602168
15,0.0608345
16,0.0614141
17,0.0619628
18,0.0624842
19,0.0629773
20,0.0634472
21,0.0638998
22,0.0643363
23,0.0647586
24,0.0651693
25,0.0655655
26,0.0659445
27,0.0663065
28,0.066652
29,0.0669859
30,0.0673174
31,0.0676412
32,0.0679459
33,0.0682383
34,0.068528
35,0.0688158
36,0.0690925
37,0.0693585
38,0.0696271
39,0.0698916
40,0.0701459
41,0.0703944
42,0.0706415
43,0.0708874
44,0.0711272
45,0.071367
46,0.0716019
47,0.0718182
48,0.0720278
49,0.0722446
50,0.0724667
51,0.0726875
52,0.0728962
53,0.0730837
54,0.0732602
55,0.0734358
56,0.0736147
57,0.0738062
58,0.0740095
59,0.0742086
60,0.0743937
61,0.0745679
62,0.0747351
63,0.0749015
64,0.0750669
65,0.0752248
66,0.0753834
67,0.0755516
68,0.0757217
69,0.0758874
70,0.0760552
71,0.076222
72,0.0763683
73,0.0764902
74,0.0765948
75,0.0766854
76,0.07684
77,0.0770617
78,0.077215
79,0.0773476
80,0.0774903
81,0.0776197
82,0.0777472
83,0.0778846
84,0.0780367
85,0.078205
86,0.0783571
87,0.0784644
88,0.0785581
89,0.078679
90,0.0788044
91,0.0789297
92,0.0790476
93,0.0791617
94,0.0792784
95,0.0793904
96,0.0795164
97,0.0796368
98,0.0797109
99,0.0797647
