2,2.72041e-05
3,5.32707e-05
4,2.02664e-05
5,-6.84207e-06
6,-2.80154e-05
7,-0.000102614
8,-0.00014225
9,3.4642e-06
10,0.000255115
11,0.00116391
12,0.0027275
13,0.00450181
14,0.00650059
15,0.00851351
16,0.010511
17,0.0125099
18,0.0145618
19,0.0166872
20,0.0188546
21,0.0210228
22,0.0231451
23,0.025195
24,0.0271786
25,0.0291139
26,0.0310213
27,0.0329123
28,0.0347887
29,0.0366455
30,0.0384728
31,0.0402587
32,0.0420014
33,0.0437042
34,0.0453791
35,0.0470327
36,0.0486636
37,0.0502644
38,0.0518244
39,0.053334
40,0.0547848
41,0.0561716
42,0.0574868
43,0.0587241
44,0.0598793
45,0.0609483
46,0.0619288
47,0.0628192
48,0.0636174
49,0.0643226
50,0.0649369
51,0.0654621
52,0.0659017
53,0.0662622
54,0.0665534
55,0.0667847
56,0.0669662
57,0.06711
58,0.0672285
59,0.0673364
60,0.0674493
61,0.0675621
62,0.0676644
63,0.0677722
64,0.0678956
65,0.0680333
66,0.0681866
67,0.0683521
68,0.0685235
69,0.0686956
70,0.0688664
71,0.0690336
72,0.0692008
73,0.0693712
74,0.06954
75,0.0697
76,0.0698512
77,0.0699948
78,0.0701309
79,0.0702617
80,0.0703881
81,0.07051
82,0.0706294
83,0.070747
84,0.0708608
85,0.0709719
86,0.0710836
87,0.0711961
88,0.0713091
89,0.0714188
90,0.0715182
91,0.0716095
92,0.0716977
93,0.0717936
94,0.071893
95,0.071986
96,0.0720777
97,0.0721688
98,0.0722596
99,0.0723517
100,0.0724458
101,0.0725356
102,0.0726193
103,0.0727167
104,0.0728254
105,0.0729279
106,0.0730223
107,0.0731106
108,0.0731977
109,0.0732838
110,0.073365
111,0.073445
112,0.073527
113,0.0736166
114,0.0737223
115,0.0738355
116,0.0739452
117,0.0740503
118,0.0741501
119,0.0742437
120,0.0743354
121,0.0744269
122,0.0745187
123,0.0746074
124,0.0746894
125,0.0747719
126,0.0748584
127,0.0749486
128,0.0750388
129,0.075122
130,0.0752068
131,0.0752993
132,0.0753889
133,0.0754724
134,0.0755575
135,0.0756351
136,0.075698
137,0.0757778
138,0.0758681
139,0.0759504
140,0.0760315
141,0.0761165
142,0.0761912
143,0.0762568
144,0.0763299
145,0.0764078
146,0.0764844
147,0.0765541
148,0.0766304
149,0.0767065
150,0.076769
151,0.0768234
152,0.0768791
153,0.0769472
154,0.0770185
155,0.0770971
156,0.0771808
157,0.0772442
158,0.0773025
159,0.0773741
160,0.0774538
161,0.0775323
162,0.0776038
163,0.077673
164,0.0777472
165,0.0778256
166,0.0779013
167,0.0779731
168,0.078044
169,0.0781144
170,0.0781758
171,0.0782322
172,0.0782927
173,0.0783571
174,0.0784273
175,0.0784931
176,0.0785581
177,0.0786302
178,0.0787024
179,0.0787698
180,0.078824
181,0.0788687
182,0.0789137
183,0.0789639
184,0.0790238
185,0.0790876
186,0.0791554
187,0.0792307
188,0.0793038
189,0.0793643
190,0.0794186
191,0.0794776
192,0.0795452
193,0.0796181
194,0.079674
195,0.0797102
196,0.0797419
197,0.0797736
198,0.0797997
199,0.0798163
