2,-5.19318e-05
3,-0.000353197
4,-0.00196421
5,-0.00243413
6,-0.00106919
7,0.000129281
8,0.00167073
9,0.00289987
10,0.0037612
11,0.00546362
12,0.00718288
13,0.00790225
14,0.00886512
15,0.0103585
16,0.0119621
17,0.0137862
18,0.0158552
19,0.0181671
20,0.0205549
21,0.023245
22,0.0261762
23,0.0293664
24,0.0325898
25,0.0357815
26,0.0387184
27,0.0414266
28,0.0438257
29,0.045994
30,0.0479664
31,0.0498349
32,0.0516051
33,0.0532813
34,0.0547898
35,0.0561638
36,0.0573601
37,0.0584027
38,0.0593092
39,0.060144
40,0.0609542
41,0.0617592
42,0.0625414
43,0.0633037
44,0.0639987
45,0.0646378
46,0.0652228
47,0.0657469
48,0.0661861
49,0.066569
50,0.066907
51,0.0671516
52,0.067309
53,0.0673709
54,0.0673551
55,0.0672799
56,0.0672111
57,0.0671456
58,0.0670824
59,0.0670672
60,0.0671136
61,0.0671891
62,0.0672886
63,0.0674689
64,0.0676985
65,0.0679715
66,0.068238
67,0.0684161
68,0.0685716
69,0.0687161
70,0.0688264
71,0.0690146
72,0.0692018
73,0.0693148
74,0.0694816
75,0.0696088
76,0.0697416
77,0.0699189
78,0.0700342
79,0.0701811
80,0.0703116
81,0.0704142
82,0.0705347
83,0.070638
84,0.0707502
85,0.0708554
86,0.0709646
87,0.0710801
88,0.0711928
89,0.0713141
90,0.0714277
91,0.0715408
92,0.0716484
93,0.0717479
94,0.0718461
95,0.0719396
96,0.072033
97,0.0721266
98,0.0722203
99,0.0723156
100,0.0724121
101,0.0725105
102,0.0726098
103,0.0727116
104,0.0728169
105,0.072923
106,0.0730281
107,0.0731317
108,0.0732308
109,0.073325
110,0.0734155
111,0.0735035
112,0.0735906
113,0.0736829
114,0.0737794
115,0.0738759
116,0.073972
117,0.0740668
118,0.0741608
119,0.074254
120,0.0743459
121,0.0744358
122,0.0745241
123,0.0746093
124,0.0746918
125,0.0747751
126,0.0748601
127,0.0749467
128,0.0750355
129,0.0751251
130,0.0752133
131,0.0752985
132,0.0753803
133,0.0754596
134,0.0755384
135,0.0756181
136,0.0757005
137,0.0757871
138,0.0758768
139,0.0759661
140,0.0760539
141,0.0761392
142,0.0762179
143,0.0762895
144,0.0763564
145,0.0764219
146,0.0764906
147,0.0765621
148,0.0766341
149,0.0767049
150,0.0767702
151,0.0768273
152,0.0768861
153,0.0769547
154,0.0770267
155,0.0771008
156,0.0771755
157,0.0772406
158,0.0773034
159,0.0773751
160,0.0774529
161,0.0775312
162,0.077605
163,0.0776758
164,0.0777489
165,0.0778248
166,0.0779005
167,0.0779772
168,0.0780522
169,0.0781169
170,0.0781742
171,0.0782324
172,0.0782924
173,0.0783573
174,0.0784272
175,0.0784936
176,0.0785562
177,0.0786243
178,0.0786998
179,0.0787695
180,0.0788235
181,0.0788693
182,0.078913
183,0.0789553
184,0.0790038
185,0.0790712
186,0.0791561
187,0.0792414
188,0.0793111
189,0.0793652
190,0.0794155
191,0.0794748
192,0.0795455
193,0.0796188
194,0.0796722
195,0.0797024
196,0.0797362
197,0.0797762
198,0.0798126
199,0.079836
