2,-1.14287e-05
3,-2.72362e-05
4,-1.92994e-05
5,-2.92252e-05
6,-7.84741e-05
7,-0.000139625
8,-0.000171478
9,-4.48212e-05
10,0.00016827
11,0.0011079
12,0.0027626
13,0.0045622
14,0.00656512
15,0.00858107
16,0.0105729
17,0.01257
18,0.0146171
19,0.0167328
20,0.0188844
21,0.0210263
22,0.0231199
23,0.0251489
24,0.0271227
25,0.0290592
26,0.030971
27,0.0328603
28,0.034731
29,0.0365816
30,0.038404
31,0.0401893
32,0.0419355
33,0.0436496
34,0.0453374
35,0.0469995
36,0.0486318
37,0.0502275
38,0.0517798
39,0.0532815
40,0.0547259
41,0.0561069
42,0.0574173
43,0.0586496
44,0.0597993
45,0.0608633
46,0.0618405
47,0.0627297
48,0.0635283
49,0.0642346
50,0.0648505
51,0.0653799
52,0.0658255
53,0.0661932
54,0.0664942
55,0.0667369
56,0.0669301
57,0.0670867
58,0.0672193
59,0.0673421
60,0.0674688
61,0.0675871
62,0.0676857
63,0.0677879
64,0.0679081
65,0.0680427
66,0.0681915
67,0.0683517
68,0.068519
69,0.0686884
70,0.0688564
71,0.0690185
72,0.0691811
73,0.0693539
74,0.0695249
75,0.0696851
76,0.0698372
77,0.069981
78,0.0701175
79,0.0702507
80,0.0703781
81,0.0705003
82,0.0706213
83,0.0707394
84,0.0708548
85,0.070973
86,0.0710909
87,0.0712052
88,0.0713154
89,0.0714232
90,0.0715202
91,0.0716067
92,0.0716964
93,0.0717956
94,0.071896
95,0.0719884
96,0.0720804
97,0.0721717
98,0.0722638
99,0.0723585
100,0.0724438
101,0.0725227
102,0.0726123
103,0.0727134
104,0.0728197
105,0.0729257
106,0.0730225
107,0.0731103
108,0.0731976
109,0.0732841
110,0.0733632
111,0.0734425
112,0.0735268
113,0.0736169
114,0.0737219
115,0.0738352
116,0.0739447
117,0.0740506
118,0.07415
119,0.0742434
120,0.0743351
121,0.0744257
122,0.0745179
123,0.0746075
124,0.0746892
125,0.0747719
126,0.0748613
127,0.0749526
128,0.0750346
129,0.0751122
130,0.0752023
131,0.0752986
132,0.0753889
133,0.0754722
134,0.0755576
135,0.075635
136,0.0757016
137,0.0757759
138,0.075866
139,0.0759507
140,0.0760312
141,0.0761168
142,0.0761898
143,0.0762577
144,0.0763298
145,0.076408
146,0.0764842
147,0.0765541
148,0.0766302
149,0.0767065
150,0.0767689
151,0.0768234
152,0.0768791
153,0.0769471
154,0.0770185
155,0.0770972
156,0.0771807
157,0.0772444
158,0.0773027
159,0.0773743
160,0.0774539
161,0.0775324
162,0.0776036
163,0.077673
164,0.0777473
165,0.0778256
166,0.0779013
167,0.0779731
168,0.0780439
169,0.0781144
170,0.0781757
171,0.0782321
172,0.0782926
173,0.0783571
174,0.0784273
175,0.0784931
176,0.0785581
177,0.0786302
178,0.0787024
179,0.0787698
180,0.078824
181,0.0788687
182,0.0789137
183,0.0789638
184,0.0790239
185,0.0790876
186,0.0791554
187,0.0792308
188,0.0793038
189,0.0793643
190,0.0794185
191,0.0794776
192,0.0795452
193,0.0796182
194,0.0796741
195,0.0797102
196,0.0797419
197,0.0797735
198,0.0797999
199,0.0798164
