2,-7.68949e-06
3,-1.25496e-05
4,-2.75316e-06
5,-6.5798e-06
6,-4.37628e-05
7,-9.405e-05
8,-0.000103852
9,5.10852e-06
10,0.000154706
11,0.00108886
12,0.00283206
13,0.00465822
14,0.00660347
15,0.00859568
16,0.0105946
17,0.0126136
18,0.0146704
19,0.0167672
20,0.0188856
21,0.0209962
22,0.0230711
23,0.0251006
24,0.0270845
25,0.0290292
26,0.0309445
27,0.0328347
28,0.0347027
29,0.0365474
30,0.0383656
31,0.0401532
32,0.0419051
33,0.0436222
34,0.0453094
35,0.0469679
36,0.0485947
37,0.0501849
38,0.0517316
39,0.0532267
40,0.0546623
41,0.0560347
42,0.0573414
43,0.0585723
44,0.0597175
45,0.0607697
46,0.0617379
47,0.0626341
48,0.0634429
49,0.0641502
50,0.064769
51,0.0653058
52,0.0657525
53,0.066115
54,0.0664207
55,0.0666809
56,0.0668935
57,0.0670669
58,0.0672107
59,0.067343
60,0.0674825
61,0.0676122
62,0.0677103
63,0.0678069
64,0.0679243
65,0.0680551
66,0.0681998
67,0.0683598
68,0.0685226
69,0.0686857
70,0.0688522
71,0.0690171
72,0.0691803
73,0.0693455
74,0.0695113
75,0.0696714
76,0.0698275
77,0.069979
78,0.0701192
79,0.0702505
80,0.0703751
81,0.0704981
82,0.0706224
83,0.0707438
84,0.070858
85,0.07097
86,0.0710888
87,0.0712063
88,0.0713167
89,0.071426
90,0.071524
91,0.07161
92,0.0717008
93,0.0717982
94,0.0718944
95,0.0719897
96,0.072084
97,0.0721728
98,0.0722642
99,0.0723557
100,0.0724408
101,0.072525
102,0.0726144
103,0.072712
104,0.0728197
105,0.0729267
106,0.0730227
107,0.0731107
108,0.0731972
109,0.0732832
110,0.0733617
111,0.0734421
112,0.0735272
113,0.0736175
114,0.0737218
115,0.0738352
116,0.0739449
117,0.0740502
118,0.0741495
119,0.0742426
120,0.0743351
121,0.0744256
122,0.0745178
123,0.0746077
124,0.0746889
125,0.074772
126,0.0748708
127,0.074952
128,0.0750248
129,0.0751129
130,0.0752029
131,0.0752986
132,0.0753888
133,0.0754723
134,0.0755575
135,0.0756352
136,0.0756991
137,0.0757759
138,0.0758662
139,0.0759504
140,0.0760314
141,0.0761165
142,0.0761899
143,0.0762567
144,0.07633
145,0.0764078
146,0.0764836
147,0.0765539
148,0.0766306
149,0.0767064
150,0.076769
151,0.0768234
152,0.0768791
153,0.0769471
154,0.0770186
155,0.0770971
156,0.0771807
157,0.0772442
158,0.0773025
159,0.0773741
160,0.0774539
161,0.0775323
162,0.0776036
163,0.077673
164,0.0777473
165,0.0778255
166,0.0779013
167,0.0779732
168,0.078044
169,0.0781144
170,0.0781757
171,0.0782321
172,0.0782928
173,0.0783572
174,0.0784273
175,0.0784931
176,0.0785581
177,0.0786302
178,0.0787024
179,0.0787698
180,0.078824
181,0.0788687
182,0.0789138
183,0.0789638
184,0.0790239
185,0.0790875
186,0.0791554
187,0.0792308
188,0.0793038
189,0.0793643
190,0.0794186
191,0.0794776
192,0.0795452
193,0.0796182
194,0.079674
195,0.0797102
196,0.0797418
197,0.0797735
198,0.0797998
199,0.0798164
