2,-6.15211e-06
3,-1.06187e-05
4,-7.8585e-06
5,-2.16063e-05
6,-6.31231e-05
7,-0.000107979
8,-0.000103997
9,1.30627e-05
10,0.00015997
11,0.00112887
12,0.00293775
13,0.00478695
14,0.00670109
15,0.00866086
16,0.0106589
17,0.0126895
18,0.0147394
19,0.0168022
20,0.0188746
21,0.0209414
22,0.0229909
23,0.0250168
24,0.0270108
25,0.0289697
26,0.030892
27,0.0327869
28,0.0346558
29,0.036496
30,0.0383137
31,0.0401016
32,0.0418525
33,0.0435688
34,0.0452534
35,0.0469049
36,0.0485224
37,0.0501004
38,0.0516352
39,0.0531188
40,0.0545418
41,0.0559082
42,0.0572109
43,0.0584304
44,0.0595548
45,0.0605871
46,0.0615469
47,0.0624464
48,0.0632718
49,0.0640027
50,0.064633
51,0.0651664
52,0.0656111
53,0.0659829
54,0.0663011
55,0.0665766
56,0.0668138
57,0.0670179
58,0.0671948
59,0.0673472
60,0.0674877
61,0.0676132
62,0.0677095
63,0.0678065
64,0.0679237
65,0.068055
66,0.0682019
67,0.0683613
68,0.0685279
69,0.0686903
70,0.0688522
71,0.0690174
72,0.0691804
73,0.0693453
74,0.0695123
75,0.0696725
76,0.0698273
77,0.0699791
78,0.0701193
79,0.0702503
80,0.0703751
81,0.0704979
82,0.0706226
83,0.070744
84,0.0708581
85,0.0709698
86,0.0710884
87,0.0712062
88,0.0713167
89,0.0714247
90,0.0715228
91,0.0716099
92,0.0717007
93,0.0717978
94,0.0718944
95,0.0719895
96,0.0720841
97,0.072176
98,0.0722527
99,0.0723449
100,0.0724418
101,0.0725239
102,0.0726146
103,0.0727119
104,0.0728197
105,0.072926
106,0.0730228
107,0.0731107
108,0.0731972
109,0.0732832
110,0.0733617
111,0.0734421
112,0.0735273
113,0.0736176
114,0.0737218
115,0.0738352
116,0.0739449
117,0.0740503
118,0.0741495
119,0.0742436
120,0.0743351
121,0.0744257
122,0.0745177
123,0.074608
124,0.0746888
125,0.074787
126,0.0748719
127,0.0749366
128,0.0750278
129,0.0751129
130,0.075203
131,0.0752987
132,0.0753889
133,0.0754722
134,0.0755577
135,0.0756348
136,0.075695
137,0.0757767
138,0.0758661
139,0.0759505
140,0.0760313
141,0.0761166
142,0.0761908
143,0.0762569
144,0.0763298
145,0.0764064
146,0.0764836
147,0.0765541
148,0.0766304
149,0.0767064
150,0.0767688
151,0.0768235
152,0.0768791
153,0.0769471
154,0.0770186
155,0.0770971
156,0.0771807
157,0.0772442
158,0.0773026
159,0.077374
160,0.0774539
161,0.0775324
162,0.0776037
163,0.077673
164,0.0777473
165,0.0778255
166,0.0779014
167,0.0779731
168,0.078044
169,0.0781142
170,0.0781758
171,0.0782319
172,0.0782927
173,0.0783571
174,0.0784273
175,0.078493
176,0.0785581
177,0.0786302
178,0.0787023
179,0.0787698
180,0.078824
181,0.0788687
182,0.0789137
183,0.0789639
184,0.0790239
185,0.0790876
186,0.0791554
187,0.0792308
188,0.0793038
189,0.0793642
190,0.0794185
191,0.0794776
192,0.0795451
193,0.0796182
194,0.0796741
195,0.0797102
196,0.0797419
197,0.0797736
198,0.0797998
199,0.0798164
