2,-5.64233e-06
3,-1.07151e-05
4,-9.57112e-06
5,-2.38935e-05
6,-6.7227e-05
7,-0.000116043
8,-0.000116338
9,5.31588e-06
10,0.000161696
11,0.00114606
12,0.00296798
13,0.00481995
14,0.00673997
15,0.00870239
16,0.0106965
17,0.0127191
18,0.0147589
19,0.0168109
20,0.0188714
21,0.0209267
22,0.0229668
23,0.0249846
24,0.0269777
25,0.0289394
26,0.0308605
27,0.0327583
28,0.0346325
29,0.0364716
30,0.0382827
31,0.0400702
32,0.0418261
33,0.0435399
34,0.04522
35,0.0468713
36,0.0484858
37,0.0500596
38,0.0515891
39,0.0530674
40,0.0544893
41,0.0558511
42,0.0571431
43,0.0583542
44,0.0594758
45,0.0605093
46,0.0614714
47,0.0623702
48,0.0631934
49,0.0639244
50,0.0645549
51,0.0650886
52,0.0655377
53,0.0659196
54,0.0662507
55,0.0665407
56,0.0667931
57,0.0670109
58,0.0671946
59,0.0673474
60,0.0674877
61,0.0676131
62,0.0677094
63,0.0678066
64,0.0679237
65,0.068055
66,0.0682019
67,0.0683628
68,0.0685292
69,0.0686903
70,0.0688521
71,0.0690173
72,0.0691803
73,0.0693453
74,0.0695123
75,0.0696724
76,0.0698273
77,0.069979
78,0.0701193
79,0.0702503
80,0.0703751
81,0.070498
82,0.0706225
83,0.0707439
84,0.070858
85,0.0709699
86,0.0710884
87,0.0712062
88,0.0713167
89,0.0714245
90,0.0715227
91,0.0716098
92,0.0717008
93,0.0717975
94,0.0718942
95,0.0719897
96,0.0720851
97,0.0721762
98,0.0722513
99,0.0723415
100,0.0724408
101,0.072525
102,0.0726145
103,0.072712
104,0.0728196
105,0.0729261
106,0.0730226
107,0.0731107
108,0.0731973
109,0.0732832
110,0.0733619
111,0.0734422
112,0.0735273
113,0.0736178
114,0.0737221
115,0.0738352
116,0.073945
117,0.0740505
118,0.07415
119,0.0742432
120,0.074335
121,0.0744258
122,0.0745176
123,0.0746078
124,0.0746961
125,0.0747858
126,0.0748631
127,0.0749424
128,0.0750277
129,0.0751128
130,0.075203
131,0.0752987
132,0.0753889
133,0.0754735
134,0.0755579
135,0.075635
136,0.0756989
137,0.0757763
138,0.0758662
139,0.0759506
140,0.0760315
141,0.0761165
142,0.0761941
143,0.0762571
144,0.0763299
145,0.0764063
146,0.0764836
147,0.076554
148,0.0766303
149,0.0767064
150,0.076769
151,0.0768234
152,0.0768791
153,0.076947
154,0.0770186
155,0.0770971
156,0.0771807
157,0.0772442
158,0.0773026
159,0.0773741
160,0.0774539
161,0.0775324
162,0.0776037
163,0.0776729
164,0.0777473
165,0.0778255
166,0.0779014
167,0.0779731
168,0.078044
169,0.0781144
170,0.0781756
171,0.0782322
172,0.0782927
173,0.0783571
174,0.0784273
175,0.0784931
176,0.078558
177,0.0786302
178,0.0787023
179,0.0787698
180,0.078824
181,0.0788687
182,0.0789137
183,0.0789639
184,0.0790238
185,0.0790876
186,0.0791554
187,0.0792308
188,0.0793038
189,0.0793643
190,0.0794185
191,0.0794776
192,0.0795451
193,0.0796182
194,0.079674
195,0.0797102
196,0.0797419
197,0.0797735
198,0.0797999
199,0.0798164
