2,-9.45983e-07
3,-1.63512e-06
4,-4.20739e-06
5,-2.35961e-05
6,-6.90733e-05
7,-0.00012018
8,-0.000121008
9,6.91251e-06
10,0.00017032
11,0.0011638
12,0.0029904
13,0.00484309
14,0.00677032
15,0.00873959
16,0.010734
17,0.0127466
18,0.0147756
19,0.0168184
20,0.0188679
21,0.0209131
22,0.0229461
23,0.0249593
24,0.0269475
25,0.0289048
26,0.0308288
27,0.0327309
28,0.034605
29,0.0364437
30,0.0382552
31,0.0400391
32,0.0417908
33,0.0435091
34,0.0451909
35,0.0468364
36,0.0484453
37,0.0500141
38,0.0515419
39,0.0530188
40,0.0544332
41,0.0557872
42,0.057076
43,0.0582832
44,0.0594003
45,0.0604326
46,0.0613939
47,0.0622915
48,0.0631127
49,0.0638403
50,0.0644714
51,0.0650104
52,0.0654669
53,0.0658564
54,0.0661966
55,0.0664973
56,0.0667614
57,0.0669884
58,0.067181
59,0.0673434
60,0.0674877
61,0.0676131
62,0.0677095
63,0.0678065
64,0.0679237
65,0.0680549
66,0.0682011
67,0.0683619
68,0.0685288
69,0.0686903
70,0.0688521
71,0.0690173
72,0.0691804
73,0.0693452
74,0.0695122
75,0.0696723
76,0.0698272
77,0.0699791
78,0.0701192
79,0.0702502
80,0.0703751
81,0.0704979
82,0.0706224
83,0.0707438
84,0.0708579
85,0.0709697
86,0.0710884
87,0.0712061
88,0.0713168
89,0.0714247
90,0.0715227
91,0.0716098
92,0.0717007
93,0.0717977
94,0.0718944
95,0.0719896
96,0.0720853
97,0.0721761
98,0.0722517
99,0.0723397
100,0.0724402
101,0.072526
102,0.0726142
103,0.0727121
104,0.0728196
105,0.0729266
106,0.0730225
107,0.0731106
108,0.0731973
109,0.0732832
110,0.0733619
111,0.0734421
112,0.0735273
113,0.0736177
114,0.073722
115,0.0738352
116,0.073945
117,0.0740504
118,0.0741499
119,0.074243
120,0.0743351
121,0.0744278
122,0.0745177
123,0.0746087
124,0.0747044
125,0.0747806
126,0.0748563
127,0.0749432
128,0.0750276
129,0.0751097
130,0.075203
131,0.0752986
132,0.0753896
133,0.0754756
134,0.0755575
135,0.0756351
136,0.0756963
137,0.0757776
138,0.0758661
139,0.0759506
140,0.0760313
141,0.0761166
142,0.076194
143,0.0762569
144,0.0763299
145,0.0764064
146,0.0764836
147,0.0765541
148,0.0766304
149,0.0767065
150,0.0767689
151,0.0768234
152,0.0768792
153,0.076947
154,0.0770186
155,0.0770971
156,0.0771807
157,0.0772442
158,0.0773025
159,0.0773741
160,0.0774539
161,0.0775324
162,0.0776037
163,0.077673
164,0.0777473
165,0.0778256
166,0.0779013
167,0.0779732
168,0.078044
169,0.0781143
170,0.0781756
171,0.0782323
172,0.0782927
173,0.0783572
174,0.0784272
175,0.0784931
176,0.0785581
177,0.0786301
178,0.0787023
179,0.0787698
180,0.078824
181,0.0788687
182,0.0789137
183,0.0789638
184,0.0790238
185,0.0790876
186,0.0791554
187,0.0792308
188,0.0793038
189,0.0793643
190,0.0794186
191,0.0794776
192,0.0795452
193,0.0796182
194,0.079674
195,0.0797102
196,0.0797419
197,0.0797735
198,0.0797997
199,0.0798163
