2,2.34748e-06
3,6.41344e-06
4,4.24253e-06
5,-1.73514e-05
6,-6.44921e-05
7,-0.000117986
8,-0.00011767
9,1.6148e-05
10,0.000170261
11,0.00116732
12,0.0030124
13,0.00487
14,0.00680022
15,0.00877204
16,0.010766
17,0.0127725
18,0.0147905
19,0.016824
20,0.0188655
21,0.0209039
22,0.022929
23,0.0249355
24,0.0269195
25,0.0288736
26,0.0307986
27,0.0327028
28,0.0345772
29,0.0364159
30,0.0382267
31,0.0400104
32,0.041762
33,0.0434771
34,0.0451562
35,0.0467999
36,0.0484063
37,0.0499707
38,0.0514907
39,0.0529606
40,0.0543735
41,0.0557259
42,0.057008
43,0.0582082
44,0.0593224
45,0.0603554
46,0.061318
47,0.0622146
48,0.0630335
49,0.0637592
50,0.0643912
51,0.0649344
52,0.0653968
53,0.0657953
54,0.0661458
55,0.0664562
56,0.0667296
57,0.0669658
58,0.067165
59,0.0673354
60,0.0674869
61,0.067613
62,0.0677103
63,0.0678077
64,0.0679243
65,0.0680552
66,0.0682011
67,0.068362
68,0.0685284
69,0.0686899
70,0.0688522
71,0.0690169
72,0.0691804
73,0.0693455
74,0.0695116
75,0.0696717
76,0.0698271
77,0.0699787
78,0.0701191
79,0.0702504
80,0.0703752
81,0.070498
82,0.0706224
83,0.0707439
84,0.0708581
85,0.0709699
86,0.0710887
87,0.0712065
88,0.0713167
89,0.0714246
90,0.0715228
91,0.0716098
92,0.0717007
93,0.0717977
94,0.0718943
95,0.0719896
96,0.0720844
97,0.0721763
98,0.072251
99,0.0723395
100,0.0724408
101,0.0725249
102,0.0726133
103,0.072712
104,0.0728197
105,0.0729262
106,0.0730225
107,0.0731106
108,0.0731974
109,0.0732832
110,0.073362
111,0.073442
112,0.0735272
113,0.0736178
114,0.0737221
115,0.0738352
116,0.0739449
117,0.0740504
118,0.0741499
119,0.0742429
120,0.0743351
121,0.0744277
122,0.0745197
123,0.0746139
124,0.0746984
125,0.0747782
126,0.0748605
127,0.0749435
128,0.0750276
129,0.075113
130,0.0752033
131,0.0753018
132,0.0753939
133,0.0754722
134,0.0755576
135,0.0756352
136,0.0756971
137,0.0757767
138,0.0758662
139,0.0759505
140,0.0760313
141,0.0761167
142,0.076194
143,0.0762571
144,0.0763299
145,0.0764063
146,0.0764835
147,0.0765541
148,0.0766303
149,0.0767064
150,0.0767689
151,0.0768234
152,0.0768791
153,0.0769471
154,0.0770185
155,0.0770972
156,0.0771807
157,0.0772442
158,0.0773025
159,0.077374
160,0.0774539
161,0.0775324
162,0.0776038
163,0.077673
164,0.0777471
165,0.0778255
166,0.0779013
167,0.0779732
168,0.078044
169,0.0781142
170,0.0781757
171,0.0782323
172,0.0782927
173,0.0783571
174,0.0784274
175,0.078493
176,0.0785581
177,0.0786302
178,0.0787023
179,0.0787698
180,0.078824
181,0.0788687
182,0.0789137
183,0.0789639
184,0.0790239
185,0.0790876
186,0.0791554
187,0.0792308
188,0.0793038
189,0.0793643
190,0.0794185
191,0.0794776
192,0.0795452
193,0.0796183
194,0.079674
195,0.0797102
196,0.0797418
197,0.0797735
198,0.0797998
199,0.0798164
