2,-4.68616e-06
3,-3.53093e-06
4,3.28808e-08
5,-2.22541e-05
6,-7.39842e-05
7,-0.000127724
8,-0.000122158
9,1.61314e-05
10,0.000186204
11,0.00118695
12,0.00302167
13,0.00488369
14,0.00682176
15,0.00879918
16,0.0107912
17,0.0127917
18,0.0148039
19,0.0168302
20,0.0188634
21,0.0208937
22,0.0229122
23,0.0249122
24,0.0268907
25,0.0288446
26,0.0307727
27,0.0326726
28,0.0345417
29,0.0363844
30,0.0381998
31,0.0399823
32,0.0417295
33,0.043441
34,0.0451181
35,0.0467596
36,0.0483623
37,0.0499234
38,0.0514395
39,0.052905
40,0.0543129
41,0.0556593
42,0.0569368
43,0.0581342
44,0.0592472
45,0.0602782
46,0.0612369
47,0.0621306
48,0.0629498
49,0.0636783
50,0.064314
51,0.0648656
52,0.0653403
53,0.0657471
54,0.0660995
55,0.0664124
56,0.0666905
57,0.0669304
58,0.0671369
59,0.0673216
60,0.0674864
61,0.0676133
62,0.0677095
63,0.0678126
64,0.0679307
65,0.0680606
66,0.068204
67,0.0683624
68,0.0685287
69,0.0686902
70,0.0688521
71,0.0690173
72,0.0691804
73,0.0693451
74,0.0695094
75,0.069669
76,0.0698271
77,0.0699789
78,0.0701188
79,0.0702503
80,0.0703751
81,0.0704979
82,0.0706224
83,0.0707439
84,0.0708581
85,0.0709698
86,0.0710884
87,0.0712063
88,0.0713167
89,0.0714259
90,0.0715242
91,0.0716099
92,0.0717008
93,0.071798
94,0.0718942
95,0.0719879
96,0.072084
97,0.0721719
98,0.0722504
99,0.0723416
100,0.0724403
101,0.0725251
102,0.0726112
103,0.0727119
104,0.0728197
105,0.0729252
106,0.073022
107,0.0731106
108,0.0731972
109,0.0732831
110,0.0733619
111,0.0734421
112,0.0735271
113,0.0736176
114,0.0737219
115,0.0738351
116,0.0739449
117,0.0740503
118,0.0741502
119,0.0742435
120,0.074335
121,0.0744295
122,0.0745365
123,0.0746225
124,0.074694
125,0.0747774
126,0.0748615
127,0.0749431
128,0.0750277
129,0.0751114
130,0.0752044
131,0.0753012
132,0.0753887
133,0.0754723
134,0.0755575
135,0.0756352
136,0.0756961
137,0.0757775
138,0.0758661
139,0.0759507
140,0.0760312
141,0.0761166
142,0.0761939
143,0.0762572
144,0.0763299
145,0.0764064
146,0.0764836
147,0.0765541
148,0.0766304
149,0.0767066
150,0.076769
151,0.0768234
152,0.076879
153,0.0769471
154,0.0770185
155,0.0770971
156,0.0771806
157,0.0772442
158,0.0773025
159,0.0773741
160,0.0774538
161,0.0775324
162,0.0776037
163,0.077673
164,0.0777473
165,0.0778256
166,0.0779013
167,0.0779732
168,0.078044
169,0.0781144
170,0.0781757
171,0.0782322
172,0.0782926
173,0.0783571
174,0.0784273
175,0.0784931
176,0.0785581
177,0.0786302
178,0.0787024
179,0.0787698
180,0.078824
181,0.0788687
182,0.0789138
183,0.0789638
184,0.0790239
185,0.0790876
186,0.0791554
187,0.0792308
188,0.0793037
189,0.0793643
190,0.0794186
191,0.0794776
192,0.0795451
193,0.0796182
194,0.0796741
195,0.0797102
196,0.0797418
197,0.0797736
198,0.0797999
199,0.0798163
