2,-6.84654e-07
3,-1.2269e-06
4,-3.67506e-06
5,-2.42941e-05
6,-7.53613e-05
7,-0.000131954
8,-0.000128605
9,9.42676e-06
10,0.000176899
11,0.00118582
12,0.00303542
13,0.00490277
14,0.00684327
15,0.00882093
16,0.0108118
17,0.0128088
18,0.0148165
19,0.0168363
20,0.0188613
21,0.0208825
22,0.0228931
23,0.0248888
24,0.0268649
25,0.0288184
26,0.0307436
27,0.0326418
28,0.0345162
29,0.0363595
30,0.0381702
31,0.0399483
32,0.0416918
33,0.0434029
34,0.0450804
35,0.0467202
36,0.0483199
37,0.049877
38,0.0513884
39,0.0528507
40,0.054256
41,0.0555957
42,0.0568671
43,0.058062
44,0.0591729
45,0.0602022
46,0.0611582
47,0.0620482
48,0.0628657
49,0.0635964
50,0.0642376
51,0.0647975
52,0.0652806
53,0.0656933
54,0.0660495
55,0.0663647
56,0.0666474
57,0.0668963
58,0.0671118
59,0.0672993
60,0.0674668
61,0.0676111
62,0.0677238
63,0.0678263
64,0.0679431
65,0.0680719
66,0.0682117
67,0.0683662
68,0.0685299
69,0.0686955
70,0.068858
71,0.0690177
72,0.0691804
73,0.0693444
74,0.0695066
75,0.0696686
76,0.0698274
77,0.0699792
78,0.0701205
79,0.0702509
80,0.0703746
81,0.070498
82,0.070622
83,0.0707438
84,0.0708579
85,0.0709702
86,0.0710868
87,0.0712018
88,0.0713164
89,0.0714268
90,0.071524
91,0.0716104
92,0.0717006
93,0.0717981
94,0.0718944
95,0.0719894
96,0.0720716
97,0.0721573
98,0.0722518
99,0.0723479
100,0.0724411
101,0.0725239
102,0.0726132
103,0.072712
104,0.0728197
105,0.0729252
106,0.0730219
107,0.0731106
108,0.0731971
109,0.0732833
110,0.0733616
111,0.0734421
112,0.073527
113,0.0736176
114,0.0737217
115,0.0738352
116,0.0739449
117,0.0740514
118,0.0741495
119,0.0742445
120,0.074335
121,0.0744424
122,0.0745383
123,0.0746069
124,0.0746892
125,0.0747786
126,0.0748604
127,0.0749432
128,0.0750248
129,0.0751147
130,0.0752128
131,0.0752967
132,0.0753889
133,0.0754722
134,0.0755576
135,0.0756351
136,0.0756963
137,0.0757774
138,0.0758662
139,0.0759506
140,0.0760314
141,0.0761166
142,0.0761932
143,0.0762575
144,0.0763299
145,0.0764063
146,0.0764836
147,0.0765541
148,0.0766302
149,0.0767066
150,0.0767689
151,0.0768235
152,0.0768791
153,0.0769472
154,0.0770185
155,0.0770972
156,0.0771807
157,0.0772442
158,0.0773024
159,0.0773741
160,0.0774539
161,0.0775325
162,0.0776037
163,0.077673
164,0.0777472
165,0.0778255
166,0.0779013
167,0.0779731
168,0.0780439
169,0.0781146
170,0.0781757
171,0.0782321
172,0.0782927
173,0.0783571
174,0.0784273
175,0.0784931
176,0.0785581
177,0.0786302
178,0.0787023
179,0.0787699
180,0.078824
181,0.0788687
182,0.0789137
183,0.0789638
184,0.0790239
185,0.0790876
186,0.0791554
187,0.0792308
188,0.0793038
189,0.0793644
190,0.0794185
191,0.0794776
192,0.0795451
193,0.0796182
194,0.0796741
195,0.0797102
196,0.0797419
197,0.0797735
198,0.0797996
199,0.0798164
