2,0.00253256
3,0.00750042
4,0.0122108
5,0.0165492
6,0.0204399
7,0.0238759
8,0.0269042
9,0.0296984
10,0.0316466
11,0.034903
12,0.0369093
13,0.038759
14,0.0404862
15,0.0421148
16,0.0436666
17,0.0451625
18,0.0466127
19,0.0480012
20,0.0493064
21,0.0505425
22,0.0517318
23,0.0528726
24,0.0539544
25,0.0549714
26,0.0559222
27,0.0568076
28,0.0576274
29,0.0583842
30,0.0590829
31,0.059726
32,0.0603166
33,0.060859
34,0.0613568
35,0.0618131
36,0.0622292
37,0.0626083
38,0.0629561
39,0.0632768
40,0.0635775
41,0.0638615
42,0.0641235
43,0.064363
44,0.0645913
45,0.0648148
46,0.0650345
47,0.0652513
48,0.0654588
49,0.0656549
50,0.0658466
51,0.0660323
52,0.0662043
53,0.0663705
54,0.0665405
55,0.0667067
56,0.0668681
57,0.0670273
58,0.0671819
59,0.0673329
60,0.0674728
61,0.0676133
62,0.0677604
63,0.0679036
64,0.0680462
65,0.0681801
66,0.0683093
67,0.0684413
68,0.0685697
69,0.0686987
70,0.0688295
71,0.0689614
72,0.0690944
73,0.0692278
74,0.0693609
75,0.0694872
76,0.0696211
77,0.0697482
78,0.0698701
79,0.0699976
80,0.0701221
81,0.0702512
82,0.0703751
83,0.0704981
84,0.0706223
85,0.0707497
86,0.0708754
87,0.0709943
88,0.0711176
89,0.071244
90,0.0713687
91,0.0714947
92,0.0716049
93,0.0717007
94,0.071796
95,0.0718959
96,0.0719972
97,0.0720934
98,0.0721877
99,0.0722867
100,0.0723895
101,0.0724891
102,0.0725859
103,0.0726934
104,0.0728022
105,0.0729119
106,0.0730175
107,0.0731294
108,0.0732332
109,0.0733159
110,0.0734083
111,0.073507
112,0.0735984
113,0.0736848
114,0.0737789
115,0.0738726
116,0.073966
117,0.0740722
118,0.074156
119,0.074244
120,0.074346
121,0.0744345
122,0.0745278
123,0.0746117
124,0.0746914
125,0.074771
126,0.0748565
127,0.0749445
128,0.0750322
129,0.075123
130,0.0752178
131,0.0753065
132,0.0753819
133,0.0754583
134,0.0755439
135,0.0756259
136,0.0757027
137,0.0757846
138,0.0758756
139,0.0759621
140,0.0760494
141,0.0761465
142,0.0762277
143,0.0762942
144,0.0763571
145,0.0764187
146,0.0764852
147,0.0765572
148,0.0766341
149,0.0767127
150,0.0767758
151,0.0768232
152,0.0768869
153,0.0769681
154,0.0770232
155,0.077097
156,0.0771787
157,0.0772327
158,0.0772996
159,0.0773741
160,0.0774539
161,0.0775326
162,0.0776094
163,0.0776794
164,0.0777506
165,0.0778239
166,0.0778963
167,0.0779846
168,0.0780631
169,0.078119
170,0.0781754
171,0.0782322
172,0.0782928
173,0.078357
174,0.0784273
175,0.0784931
176,0.0785532
177,0.0786233
178,0.0786995
179,0.0787701
180,0.0788218
181,0.0788707
182,0.0789172
183,0.0789539
184,0.0789821
185,0.0790447
186,0.0791642
187,0.079263
188,0.079323
189,0.0793673
190,0.0794052
191,0.0794584
192,0.0795367
193,0.0796198
194,0.0796742
195,0.0797011
196,0.0797306
197,0.0797754
198,0.0798226
199,0.0798558
