2,1.32236e-06
3,8.89173e-06
4,9.71811e-06
5,-1.57728e-05
6,-6.80497e-05
7,-0.00012429
8,-0.000115783
9,2.97368e-05
10,0.000196182
11,0.00120074
12,0.00304559
13,0.00491196
14,0.00685743
15,0.00884035
16,0.0108294
17,0.0128228
18,0.0148265
19,0.0168405
20,0.0188592
21,0.0208735
22,0.0228778
23,0.0248686
24,0.0268418
25,0.0287914
26,0.0307173
27,0.0326198
28,0.0344931
29,0.0363343
30,0.038143
31,0.0399166
32,0.0416574
33,0.0433664
34,0.0450408
35,0.0466782
36,0.0482757
37,0.0498295
38,0.0513369
39,0.0527933
40,0.0541914
41,0.0555265
42,0.0567952
43,0.0579886
44,0.0590992
45,0.0601276
46,0.0610814
47,0.0619684
48,0.062784
49,0.0635172
50,0.0641637
51,0.0647293
52,0.0652197
53,0.0656396
54,0.0660007
55,0.0663188
56,0.066603
57,0.066857
58,0.0670811
59,0.0672768
60,0.0674547
61,0.0676091
62,0.0677291
63,0.0678374
64,0.0679554
65,0.0680848
66,0.0682239
67,0.0683732
68,0.0685319
69,0.0686953
70,0.0688567
71,0.0690168
72,0.0691797
73,0.0693436
74,0.0695074
75,0.069669
76,0.0698272
77,0.0699794
78,0.0701209
79,0.0702519
80,0.0703755
81,0.070498
82,0.0706223
83,0.0707435
84,0.07086
85,0.0709774
86,0.0710883
87,0.0711997
88,0.0713162
89,0.0714264
90,0.0715242
91,0.0716102
92,0.0717007
93,0.0717985
94,0.0718982
95,0.0719865
96,0.0720653
97,0.0721579
98,0.0722517
99,0.0723476
100,0.0724412
101,0.0725241
102,0.0726133
103,0.0727119
104,0.0728197
105,0.0729254
106,0.0730222
107,0.0731107
108,0.0731972
109,0.0732833
110,0.0733617
111,0.0734423
112,0.073527
113,0.0736153
114,0.0737218
115,0.0738352
116,0.0739449
117,0.0740502
118,0.0741507
119,0.0742427
120,0.0743482
121,0.0744441
122,0.0745236
123,0.0746077
124,0.0746892
125,0.0747765
126,0.0748612
127,0.0749431
128,0.0750339
129,0.0751241
130,0.0752057
131,0.075297
132,0.0753889
133,0.0754723
134,0.0755576
135,0.0756352
136,0.0756964
137,0.0757765
138,0.0758662
139,0.0759505
140,0.0760313
141,0.0761166
142,0.0761941
143,0.0762569
144,0.0763299
145,0.0764064
146,0.0764836
147,0.0765541
148,0.0766303
149,0.0767066
150,0.0767689
151,0.0768235
152,0.0768792
153,0.0769472
154,0.0770186
155,0.0770971
156,0.0771808
157,0.0772443
158,0.0773025
159,0.0773741
160,0.0774539
161,0.0775324
162,0.0776037
163,0.0776729
164,0.0777472
165,0.0778255
166,0.0779013
167,0.0779732
168,0.0780441
169,0.0781143
170,0.0781756
171,0.0782321
172,0.0782926
173,0.0783571
174,0.0784273
175,0.0784931
176,0.0785581
177,0.0786302
178,0.0787023
179,0.0787698
180,0.078824
181,0.0788687
182,0.0789137
183,0.0789638
184,0.0790238
185,0.0790877
186,0.0791554
187,0.0792308
188,0.0793038
189,0.0793643
190,0.0794185
191,0.0794775
192,0.0795451
193,0.0796182
194,0.0796741
195,0.0797102
196,0.0797418
197,0.0797735
198,0.0797999
199,0.0798164
