2,-1.52533e-06
3,-4.47662e-06
4,-9.90052e-06
5,-3.38432e-05
6,-8.61707e-05
7,-0.000143827
8,-0.000142477
9,3.62125e-06
10,0.000179316
11,0.00119821
12,0.00305548
13,0.00492365
14,0.00687352
15,0.00885761
16,0.0108449
17,0.0128346
18,0.0148349
19,0.0168428
20,0.0188551
21,0.0208647
22,0.0228645
23,0.0248502
24,0.0268187
25,0.0287673
26,0.0306939
27,0.0325963
28,0.0344665
29,0.0363034
30,0.038109
31,0.039883
32,0.0416249
33,0.0433335
34,0.045005
35,0.0466363
36,0.0482288
37,0.0497817
38,0.0512868
39,0.0527365
40,0.0541293
41,0.0554633
42,0.0567304
43,0.0579205
44,0.0590266
45,0.0600479
46,0.0609967
47,0.061887
48,0.0627094
49,0.0634477
50,0.0640989
51,0.0646693
52,0.0651613
53,0.0655804
54,0.0659432
55,0.066266
56,0.0665606
57,0.0668271
58,0.0670617
59,0.0672726
60,0.0674597
61,0.0676134
62,0.067737
63,0.06785
64,0.0679679
65,0.0680945
66,0.0682326
67,0.0683811
68,0.0685372
69,0.0686984
70,0.0688593
71,0.0690174
72,0.0691803
73,0.0693454
74,0.0695067
75,0.0696689
76,0.0698271
77,0.0699792
78,0.070122
79,0.0702513
80,0.070375
81,0.0704981
82,0.0706225
83,0.0707438
84,0.0708601
85,0.0709684
86,0.0710871
87,0.0712075
88,0.0713166
89,0.071427
90,0.0715239
91,0.0716106
92,0.0717007
93,0.0718014
94,0.0718958
95,0.0719767
96,0.0720664
97,0.0721619
98,0.0722515
99,0.0723477
100,0.0724413
101,0.0725249
102,0.0726133
103,0.072712
104,0.0728196
105,0.0729253
106,0.073022
107,0.0731107
108,0.0731972
109,0.0732833
110,0.0733616
111,0.0734424
112,0.0735269
113,0.0736154
114,0.0737218
115,0.0738352
116,0.0739448
117,0.0740516
118,0.0741494
119,0.0742558
120,0.0743503
121,0.0744316
122,0.0745227
123,0.0746077
124,0.074689
125,0.0747743
126,0.0748604
127,0.0749481
128,0.0750337
129,0.0751094
130,0.0752058
131,0.0753019
132,0.0753889
133,0.0754723
134,0.0755576
135,0.0756352
136,0.0756961
137,0.0757775
138,0.075866
139,0.0759506
140,0.0760312
141,0.0761167
142,0.0761939
143,0.0762576
144,0.0763298
145,0.0764064
146,0.0764835
147,0.0765541
148,0.0766302
149,0.0767066
150,0.0767689
151,0.0768235
152,0.0768791
153,0.0769471
154,0.0770185
155,0.0770971
156,0.0771807
157,0.0772443
158,0.0773024
159,0.0773741
160,0.0774539
161,0.0775324
162,0.0776037
163,0.077673
164,0.0777472
165,0.0778256
166,0.0779013
167,0.0779732
168,0.0780439
169,0.0781143
170,0.0781757
171,0.0782323
172,0.0782927
173,0.0783571
174,0.0784272
175,0.0784931
176,0.0785581
177,0.0786301
178,0.0787024
179,0.0787698
180,0.078824
181,0.0788687
182,0.0789138
183,0.0789638
184,0.0790239
185,0.0790877
186,0.0791554
187,0.0792308
188,0.0793038
189,0.0793643
190,0.0794186
191,0.0794777
192,0.0795452
193,0.0796182
194,0.079674
195,0.0797102
196,0.0797419
197,0.0797735
198,0.0797997
199,0.0798164
