2,-1.10581e-06
3,2.36177e-06
4,4.00032e-06
5,-2.08874e-05
6,-7.70488e-05
7,-0.000134421
8,-0.000125374
9,2.30234e-05
10,0.000199018
11,0.00121191
12,0.00306315
13,0.00493629
14,0.00688574
15,0.00887074
16,0.0108567
17,0.0128441
18,0.014841
19,0.0168447
20,0.0188508
21,0.0208551
22,0.0228506
23,0.0248316
24,0.0267978
25,0.0287475
26,0.0306733
27,0.0325712
28,0.0344382
29,0.036271
30,0.0380741
31,0.0398484
32,0.0415901
33,0.0432962
34,0.0449652
35,0.0465955
36,0.0481857
37,0.0497335
38,0.0512334
39,0.0526802
40,0.0540705
41,0.0553988
42,0.0566589
43,0.0578454
44,0.0589496
45,0.0599706
46,0.060921
47,0.0618099
48,0.0626316
49,0.0633734
50,0.0640297
51,0.0646071
52,0.065108
53,0.0655343
54,0.0658993
55,0.0662215
56,0.0665171
57,0.0667886
58,0.0670314
59,0.0672488
60,0.0674467
61,0.0676132
62,0.0677407
63,0.0678547
64,0.0679744
65,0.0681023
66,0.0682386
67,0.0683823
68,0.0685367
69,0.0686977
70,0.0688579
71,0.069017
72,0.0691804
73,0.0693452
74,0.0695065
75,0.0696688
76,0.0698279
77,0.0699796
78,0.0701218
79,0.0702513
80,0.0703749
81,0.070498
82,0.0706225
83,0.0707438
84,0.0708601
85,0.0709683
86,0.0710871
87,0.0712075
88,0.0713166
89,0.0714269
90,0.071524
91,0.0716106
92,0.0717007
93,0.0717999
94,0.0718893
95,0.0719789
96,0.0720722
97,0.0721618
98,0.0722517
99,0.0723475
100,0.0724415
101,0.072524
102,0.0726132
103,0.072712
104,0.0728197
105,0.0729252
106,0.0730221
107,0.0731107
108,0.0731972
109,0.0732833
110,0.0733618
111,0.073442
112,0.0735274
113,0.0736149
114,0.0737219
115,0.0738352
116,0.073945
117,0.0740501
118,0.0741571
119,0.0742554
120,0.0743392
121,0.0744297
122,0.0745225
123,0.0746076
124,0.0746891
125,0.0747739
126,0.0748667
127,0.074953
128,0.0750197
129,0.0751029
130,0.0752071
131,0.0753019
132,0.0753889
133,0.0754723
134,0.0755576
135,0.0756351
136,0.0756965
137,0.0757774
138,0.0758661
139,0.0759505
140,0.0760313
141,0.0761166
142,0.076194
143,0.0762575
144,0.0763299
145,0.0764064
146,0.0764836
147,0.076554
148,0.0766303
149,0.0767065
150,0.076769
151,0.0768234
152,0.076879
153,0.0769471
154,0.0770186
155,0.0770971
156,0.0771807
157,0.0772443
158,0.0773024
159,0.077374
160,0.0774539
161,0.0775324
162,0.0776037
163,0.077673
164,0.0777472
165,0.0778256
166,0.0779014
167,0.0779732
168,0.0780439
169,0.0781144
170,0.0781757
171,0.0782322
172,0.0782926
173,0.0783571
174,0.0784273
175,0.0784931
176,0.0785581
177,0.0786301
178,0.0787023
179,0.0787698
180,0.078824
181,0.0788687
182,0.0789138
183,0.0789638
184,0.0790238
185,0.0790876
186,0.0791554
187,0.0792308
188,0.0793038
189,0.0793643
190,0.0794186
191,0.0794776
192,0.0795452
193,0.0796181
194,0.0796741
195,0.0797102
196,0.0797418
197,0.0797735
198,0.0797999
199,0.0798164
