2,4.68632e-06
3,1.00584e-05
4,4.69638e-06
5,-2.06505e-05
6,-7.3851e-05
7,-0.000135694
8,-0.000135985
9,1.18866e-05
10,0.000183376
11,0.00120529
12,0.00307396
13,0.00494831
14,0.00689934
15,0.00888273
16,0.0108682
17,0.0128526
18,0.014845
19,0.0168445
20,0.018847
21,0.0208467
22,0.0228378
23,0.0248146
24,0.0267793
25,0.0287299
26,0.030652
27,0.0325434
28,0.0344066
29,0.0362393
30,0.0380421
31,0.0398146
32,0.0415549
33,0.0432598
34,0.0449268
35,0.0465546
36,0.0481411
37,0.0496848
38,0.0511814
39,0.0526242
40,0.0540099
41,0.0553424
42,0.0566086
43,0.0577853
44,0.0588766
45,0.0598896
46,0.060834
47,0.0617264
48,0.0625574
49,0.0633057
50,0.0639647
51,0.0645448
52,0.065048
53,0.0654747
54,0.0658436
55,0.0661728
56,0.0664761
57,0.0667571
58,0.0670114
59,0.0672422
60,0.0674488
61,0.0676132
62,0.0677372
63,0.0678544
64,0.0679779
65,0.0681057
66,0.0682413
67,0.0683858
68,0.0685384
69,0.0686983
70,0.0688595
71,0.0690173
72,0.0691804
73,0.0693454
74,0.0695067
75,0.069669
76,0.0698273
77,0.0699791
78,0.0701221
79,0.0702513
80,0.0703751
81,0.0704982
82,0.0706225
83,0.0707439
84,0.0708604
85,0.0709691
86,0.0710871
87,0.0712073
88,0.0713166
89,0.0714268
90,0.0715239
91,0.0716107
92,0.0717007
93,0.0718009
94,0.0718932
95,0.071979
96,0.0720707
97,0.0721618
98,0.0722517
99,0.0723476
100,0.0724411
101,0.0725248
102,0.0726133
103,0.072712
104,0.0728196
105,0.0729252
106,0.0730221
107,0.0731107
108,0.0731971
109,0.0732833
110,0.0733616
111,0.0734426
112,0.0735267
113,0.0736155
114,0.0737217
115,0.0738353
116,0.0739448
117,0.0740564
118,0.0741553
119,0.074242
120,0.0743351
121,0.0744299
122,0.0745225
123,0.0746077
124,0.074689
125,0.0747789
126,0.0748699
127,0.0749368
128,0.0750088
129,0.0751027
130,0.0752059
131,0.0753019
132,0.0753889
133,0.0754723
134,0.0755575
135,0.0756352
136,0.0756961
137,0.0757767
138,0.0758662
139,0.0759506
140,0.0760312
141,0.0761166
142,0.076194
143,0.0762575
144,0.0763298
145,0.0764064
146,0.0764836
147,0.0765542
148,0.0766302
149,0.0767065
150,0.0767689
151,0.0768234
152,0.076879
153,0.0769471
154,0.0770185
155,0.0770972
156,0.0771807
157,0.0772442
158,0.0773025
159,0.077374
160,0.0774539
161,0.0775324
162,0.0776037
163,0.0776731
164,0.0777473
165,0.0778256
166,0.0779013
167,0.0779731
168,0.0780439
169,0.0781144
170,0.0781756
171,0.0782324
172,0.0782927
173,0.0783571
174,0.0784273
175,0.0784931
176,0.0785581
177,0.0786302
178,0.0787023
179,0.0787698
180,0.078824
181,0.0788687
182,0.0789138
183,0.0789638
184,0.0790238
185,0.0790876
186,0.0791554
187,0.0792307
188,0.0793038
189,0.0793642
190,0.0794186
191,0.0794776
192,0.0795451
193,0.0796183
194,0.0796741
195,0.0797102
196,0.0797418
197,0.0797735
198,0.0797999
199,0.0798164
