2,-7.9119e-06
3,-1.19671e-05
4,-1.24881e-05
5,-3.99005e-05
6,-9.90216e-05
7,-0.000159221
8,-0.000150328
9,4.4435e-06
10,0.000194784
11,0.00122488
12,0.00308603
13,0.0049636
14,0.00692182
15,0.00890827
16,0.0108894
17,0.0128686
18,0.0148511
19,0.0168386
20,0.0188247
21,0.0208096
22,0.0227913
23,0.0247597
24,0.0267089
25,0.0286384
26,0.0305472
27,0.0324305
28,0.0342862
29,0.0361147
30,0.0379137
31,0.0396801
32,0.0414133
33,0.0431138
34,0.0447816
35,0.0463995
36,0.0479674
37,0.0495014
38,0.0509847
39,0.0524086
40,0.053779
41,0.0550913
42,0.0563367
43,0.0575043
44,0.0585887
45,0.0595937
46,0.0605345
47,0.0614244
48,0.0622564
49,0.0630142
50,0.063688
51,0.0642839
52,0.0648102
53,0.0652672
54,0.0656638
55,0.0660181
56,0.0663445
57,0.0666499
58,0.0669384
59,0.0672129
60,0.0674475
61,0.0676133
62,0.0677371
63,0.0678544
64,0.0679812
65,0.0681174
66,0.0682529
67,0.0683913
68,0.0685391
69,0.0686986
70,0.0688595
71,0.0690174
72,0.0691803
73,0.0693456
74,0.0695065
75,0.0696671
76,0.0698264
77,0.0699792
78,0.0701219
79,0.0702515
80,0.070375
81,0.0704982
82,0.0706222
83,0.0707311
84,0.0708522
85,0.0709801
86,0.071092
87,0.0712063
88,0.0713168
89,0.0714267
90,0.0715242
91,0.0716103
92,0.071697
93,0.0717917
94,0.0718941
95,0.0719856
96,0.0720707
97,0.0721605
98,0.0722517
99,0.0723477
100,0.0724408
101,0.072525
102,0.0726133
103,0.072712
104,0.0728196
105,0.0729254
106,0.073022
107,0.0731107
108,0.0731972
109,0.0732833
110,0.0733617
111,0.0734425
112,0.0735268
113,0.073619
114,0.0737285
115,0.0738353
116,0.0739355
117,0.0740397
118,0.0741425
119,0.0742398
120,0.074335
121,0.0744316
122,0.0745267
123,0.0746
124,0.0746644
125,0.0747519
126,0.0748363
127,0.0749168
128,0.0750087
129,0.0751028
130,0.0752059
131,0.0753019
132,0.0753889
133,0.0754722
134,0.0755576
135,0.0756351
136,0.0756963
137,0.0757767
138,0.0758661
139,0.0759505
140,0.0760313
141,0.0761166
142,0.076194
143,0.0762576
144,0.0763299
145,0.0764064
146,0.0764835
147,0.0765542
148,0.0766302
149,0.0767066
150,0.0767689
151,0.0768234
152,0.0768791
153,0.0769471
154,0.0770186
155,0.0770971
156,0.0771807
157,0.0772442
158,0.0773025
159,0.0773741
160,0.0774538
161,0.0775324
162,0.0776037
163,0.077673
164,0.0777472
165,0.0778256
166,0.0779014
167,0.0779732
168,0.078044
169,0.0781145
170,0.0781758
171,0.0782324
172,0.0782926
173,0.0783572
174,0.0784273
175,0.078493
176,0.0785581
177,0.0786302
178,0.0787023
179,0.0787699
180,0.078824
181,0.0788687
182,0.0789138
183,0.0789638
184,0.0790238
185,0.0790876
186,0.0791554
187,0.0792308
188,0.0793038
189,0.0793643
190,0.0794185
191,0.0794776
192,0.0795452
193,0.0796182
194,0.0796741
195,0.0797102
196,0.0797419
197,0.0797735
198,0.0797999
199,0.0798163
