2,7.62738e-06
3,1.62783e-05
4,9.49889e-06
5,-2.10155e-05
6,-8.04701e-05
7,-0.000144428
8,-0.000138988
9,1.98211e-05
10,0.000195956
11,0.00122451
12,0.00309749
13,0.00497332
14,0.00693146
15,0.00891642
16,0.0108959
17,0.0128706
18,0.0148487
19,0.0168306
20,0.0188151
21,0.0207981
22,0.0227717
23,0.0247284
24,0.0266687
25,0.0285922
26,0.0304954
27,0.0323738
28,0.0342256
29,0.0360508
30,0.0378488
31,0.0396153
32,0.0413452
33,0.0430353
34,0.0446869
35,0.0463029
36,0.0478757
37,0.0493946
38,0.0508671
39,0.0522946
40,0.0536645
41,0.054973
42,0.0562139
43,0.0573767
44,0.0584599
45,0.059467
46,0.0604106
47,0.0613008
48,0.0621306
49,0.0628887
50,0.0635679
51,0.0641699
52,0.0647022
53,0.0651698
54,0.0655816
55,0.0659512
56,0.0662891
57,0.0666056
58,0.0669097
59,0.0672021
60,0.0674471
61,0.0676133
62,0.0677371
63,0.0678545
64,0.0679813
65,0.0681185
66,0.0682538
67,0.0683916
68,0.0685391
69,0.0686986
70,0.0688595
71,0.0690174
72,0.0691802
73,0.0693452
74,0.0695067
75,0.0696671
76,0.0698262
77,0.0699791
78,0.070122
79,0.0702511
80,0.070375
81,0.0705026
82,0.0706221
83,0.0707314
84,0.070851
85,0.0709781
86,0.0710966
87,0.0712068
88,0.0713167
89,0.0714268
90,0.0715245
91,0.0716097
92,0.0716937
93,0.0717923
94,0.071897
95,0.0719859
96,0.0720707
97,0.0721606
98,0.0722515
99,0.072348
100,0.072441
101,0.0725252
102,0.0726137
103,0.0727121
104,0.0728196
105,0.072926
106,0.0730224
107,0.0731103
108,0.0731977
109,0.0732832
110,0.0733617
111,0.0734423
112,0.0735271
113,0.0736154
114,0.0737219
115,0.0738351
116,0.0739364
117,0.0740379
118,0.0741424
119,0.0742438
120,0.0743439
121,0.0744265
122,0.0744955
123,0.0745749
124,0.0746612
125,0.074752
126,0.0748363
127,0.0749168
128,0.0750082
129,0.0751029
130,0.0752059
131,0.0753019
132,0.0753889
133,0.0754723
134,0.0755576
135,0.0756351
136,0.0756964
137,0.0757769
138,0.0758662
139,0.0759506
140,0.0760312
141,0.0761167
142,0.076194
143,0.0762576
144,0.0763298
145,0.0764065
146,0.0764835
147,0.0765542
148,0.0766303
149,0.0767066
150,0.0767689
151,0.0768235
152,0.0768791
153,0.0769471
154,0.0770185
155,0.0770971
156,0.0771807
157,0.0772443
158,0.0773024
159,0.0773741
160,0.0774539
161,0.0775324
162,0.0776036
163,0.077673
164,0.0777472
165,0.0778255
166,0.0779013
167,0.0779731
168,0.078044
169,0.0781145
170,0.0781758
171,0.0782323
172,0.0782928
173,0.0783572
174,0.0784273
175,0.0784931
176,0.0785581
177,0.0786302
178,0.0787024
179,0.0787698
180,0.078824
181,0.0788687
182,0.0789137
183,0.0789639
184,0.0790238
185,0.0790876
186,0.0791554
187,0.0792308
188,0.0793037
189,0.0793643
190,0.0794185
191,0.0794776
192,0.0795452
193,0.0796182
194,0.079674
195,0.0797102
196,0.0797419
197,0.0797734
198,0.0797998
199,0.0798163
