2,0.000821641
3,0.00129406
4,-2.98995e-05
5,-0.000594021
6,0.000120987
7,0.000566983
8,0.000830548
9,0.000915028
10,0.00121977
11,0.00203063
12,0.00277221
13,0.00356791
14,0.00496332
15,0.00661938
16,0.00820831
17,0.00999341
18,0.0118514
19,0.0138144
20,0.015832
21,0.0179892
22,0.0203052
23,0.0227867
24,0.0254177
25,0.0281384
26,0.0309188
27,0.0336764
28,0.0363569
29,0.0388994
30,0.0412882
31,0.0435333
32,0.0456414
33,0.0475948
34,0.0493892
35,0.0510753
36,0.0526641
37,0.0541244
38,0.0554398
39,0.056606
40,0.0576559
41,0.0586359
42,0.0595845
43,0.0604925
44,0.0613845
45,0.0622674
46,0.0631021
47,0.0639105
48,0.064676
49,0.0653698
50,0.0659829
51,0.0664802
52,0.0668346
53,0.0670654
54,0.0671796
55,0.0672009
56,0.0671607
57,0.0671124
58,0.0670621
59,0.0669966
60,0.0669666
61,0.0670054
62,0.0671121
63,0.0672679
64,0.0674436
65,0.067636
66,0.0678383
67,0.068049
68,0.068289
69,0.0685229
70,0.0687456
71,0.0689736
72,0.0691802
73,0.0693674
74,0.0695375
75,0.0696859
76,0.069826
77,0.0699577
78,0.0700854
79,0.070215
80,0.0703491
81,0.0704841
82,0.070615
83,0.0707374
84,0.0708512
85,0.0709574
86,0.0710614
87,0.0711648
88,0.0712699
89,0.0713761
90,0.0714821
91,0.0715866
92,0.0716884
93,0.071788
94,0.0718852
95,0.0719781
96,0.07207
97,0.0721624
98,0.0722549
99,0.0723479
100,0.072443
101,0.0725383
102,0.0726354
103,0.0727361
104,0.0728376
105,0.0729409
106,0.0730428
107,0.0731419
108,0.0732374
109,0.0733279
110,0.0734157
111,0.0734983
112,0.0735789
113,0.073671
114,0.0737719
115,0.0738735
116,0.0739731
117,0.0740692
118,0.074164
119,0.074257
120,0.0743465
121,0.074434
122,0.0745219
123,0.0746071
124,0.0746911
125,0.0747768
126,0.0748633
127,0.0749504
128,0.0750375
129,0.0751244
130,0.0752107
131,0.0752952
132,0.0753759
133,0.0754559
134,0.0755371
135,0.0756213
136,0.075707
137,0.0757918
138,0.0758783
139,0.0759664
140,0.0760536
141,0.076137
142,0.0762143
143,0.076288
144,0.0763577
145,0.0764254
146,0.0764935
147,0.0765633
148,0.076634
149,0.0767022
150,0.0767668
151,0.0768249
152,0.0768834
153,0.0769522
154,0.0770249
155,0.0771015
156,0.0771772
157,0.0772425
158,0.0773064
159,0.0773767
160,0.0774525
161,0.0775302
162,0.0776046
163,0.0776756
164,0.0777488
165,0.0778257
166,0.0779015
167,0.0779745
168,0.0780458
169,0.0781139
170,0.0781755
171,0.0782325
172,0.0782917
173,0.0783572
174,0.0784273
175,0.0784932
176,0.0785583
177,0.0786297
178,0.0787029
179,0.0787699
180,0.0788231
181,0.078868
182,0.0789138
183,0.0789642
184,0.0790234
185,0.0790874
186,0.0791559
187,0.079231
188,0.0793037
189,0.079364
190,0.0794186
191,0.0794774
192,0.0795453
193,0.0796172
194,0.0796734
195,0.0797106
196,0.079742
197,0.0797731
198,0.0798
199,0.079816
