2,7.88503e-06
3,2.10025e-05
4,1.83373e-05
5,-1.5821e-05
6,-7.78557e-05
7,-0.00013793
8,-0.00012425
9,3.7329e-05
10,0.000213799
11,0.00123842
12,0.00310804
13,0.00498586
14,0.00693808
15,0.00891863
16,0.0108961
17,0.01287
18,0.0148458
19,0.0168252
20,0.0188052
21,0.020781
22,0.022746
23,0.0246968
24,0.0266325
25,0.0285432
26,0.0304323
27,0.0323118
28,0.0341672
29,0.0359895
30,0.0377839
31,0.0395465
32,0.0412738
33,0.0429658
34,0.0446223
35,0.0462387
36,0.0478072
37,0.049322
38,0.050783
39,0.0521926
40,0.0535488
41,0.0548466
42,0.0560797
43,0.0572423
44,0.0583308
45,0.0593431
46,0.0602863
47,0.0611722
48,0.0619995
49,0.0627589
50,0.0634474
51,0.0640635
52,0.0646053
53,0.0650792
54,0.0655027
55,0.0658884
56,0.0662432
57,0.0665747
58,0.0668857
59,0.0671742
60,0.0674255
61,0.0676119
62,0.0677378
63,0.0678548
64,0.0679879
65,0.0681261
66,0.0682642
67,0.068404
68,0.0685511
69,0.0687046
70,0.0688602
71,0.0690174
72,0.0691803
73,0.0693455
74,0.0695064
75,0.0696675
76,0.0698275
77,0.06998
78,0.0701222
79,0.0702512
80,0.0703756
81,0.0705041
82,0.0706106
83,0.0707317
84,0.0708648
85,0.0709785
86,0.0710964
87,0.0712072
88,0.0713166
89,0.0714269
90,0.0715257
91,0.0716041
92,0.0716898
93,0.071795
94,0.0718974
95,0.0719858
96,0.0720707
97,0.0721607
98,0.0722518
99,0.0723489
100,0.0724411
101,0.0725248
102,0.072613
103,0.072712
104,0.0728196
105,0.0729255
106,0.0730223
107,0.0731103
108,0.0731982
109,0.0732835
110,0.0733645
111,0.073442
112,0.0735214
113,0.0736149
114,0.0737219
115,0.0738351
116,0.0739369
117,0.0740384
118,0.0741517
119,0.0742452
120,0.0743187
121,0.0744042
122,0.0744894
123,0.0745748
124,0.0746608
125,0.074752
126,0.0748367
127,0.0749129
128,0.0750053
129,0.0751028
130,0.075206
131,0.0753018
132,0.0753889
133,0.0754722
134,0.0755576
135,0.0756351
136,0.0756964
137,0.0757767
138,0.0758661
139,0.0759506
140,0.0760314
141,0.0761167
142,0.0761938
143,0.0762577
144,0.0763299
145,0.0764065
146,0.0764836
147,0.0765542
148,0.0766302
149,0.0767066
150,0.0767689
151,0.0768235
152,0.076879
153,0.0769471
154,0.0770186
155,0.0770971
156,0.0771807
157,0.0772443
158,0.0773024
159,0.0773741
160,0.0774538
161,0.0775325
162,0.0776037
163,0.077673
164,0.0777472
165,0.0778255
166,0.0779014
167,0.0779732
168,0.078044
169,0.0781143
170,0.0781756
171,0.0782322
172,0.0782928
173,0.0783571
174,0.0784273
175,0.0784931
176,0.0785581
177,0.0786302
178,0.0787024
179,0.0787698
180,0.078824
181,0.0788687
182,0.0789137
183,0.0789638
184,0.0790238
185,0.0790876
186,0.0791554
187,0.0792308
188,0.0793038
189,0.0793643
190,0.0794185
191,0.0794776
192,0.0795451
193,0.0796182
194,0.079674
195,0.0797102
196,0.0797418
197,0.0797735
198,0.0797998
199,0.0798164
