2,1.41709e-05
3,3.27252e-05
4,2.59653e-05
5,-1.01864e-05
6,-6.79263e-05
7,-0.000127076
8,-0.000113188
9,4.88692e-05
10,0.000207382
11,0.00123851
12,0.0031218
13,0.00498526
14,0.00692952
15,0.00890916
16,0.0108902
17,0.0128683
18,0.0148442
19,0.0168208
20,0.0187952
21,0.0207622
22,0.0227186
23,0.0246604
24,0.0265842
25,0.0284876
26,0.0303738
27,0.032246
28,0.0340976
29,0.0359223
30,0.0377171
31,0.0394784
32,0.0412038
33,0.0428904
34,0.0445371
35,0.0461432
36,0.0477037
37,0.0492149
38,0.0506746
39,0.0520803
40,0.0534312
41,0.054724
42,0.0559527
43,0.0571114
44,0.0581956
45,0.0592063
46,0.0601502
47,0.0610368
48,0.0618659
49,0.0626278
50,0.0633164
51,0.0639346
52,0.0644902
53,0.0649871
54,0.0654276
55,0.0658225
56,0.0661827
57,0.0665161
58,0.0668296
59,0.067127
60,0.0674031
61,0.0676125
62,0.0677391
63,0.0678553
64,0.0679909
65,0.0681281
66,0.0682675
67,0.0684103
68,0.068558
69,0.068708
70,0.0688606
71,0.0690173
72,0.0691803
73,0.0693451
74,0.0695066
75,0.0696672
76,0.0698265
77,0.0699794
78,0.0701218
79,0.0702509
80,0.0703751
81,0.070497
82,0.0706113
83,0.070731
84,0.0708578
85,0.0709798
86,0.0710963
87,0.0712068
88,0.0713167
89,0.0714269
90,0.0715224
91,0.0716055
92,0.0716935
93,0.071792
94,0.0718942
95,0.0719856
96,0.0720707
97,0.07216
98,0.0722515
99,0.072348
100,0.0724408
101,0.0725249
102,0.0726133
103,0.0727119
104,0.0728196
105,0.0729255
106,0.0730221
107,0.0731106
108,0.0731977
109,0.0732833
110,0.0733645
111,0.073442
112,0.0735218
113,0.0736151
114,0.0737218
115,0.0738352
116,0.0739442
117,0.074033
118,0.0741163
119,0.0742155
120,0.0743148
121,0.0744024
122,0.0744891
123,0.0745749
124,0.0746609
125,0.074752
126,0.0748367
127,0.074913
128,0.0750011
129,0.0751028
130,0.0752059
131,0.0753019
132,0.075389
133,0.0754722
134,0.0755576
135,0.0756352
136,0.0756966
137,0.0757766
138,0.0758661
139,0.0759506
140,0.0760313
141,0.0761166
142,0.076194
143,0.0762576
144,0.0763298
145,0.0764065
146,0.0764836
147,0.0765541
148,0.0766302
149,0.0767065
150,0.0767689
151,0.0768234
152,0.076879
153,0.0769471
154,0.0770185
155,0.0770971
156,0.0771807
157,0.0772443
158,0.0773024
159,0.0773741
160,0.0774538
161,0.0775324
162,0.0776037
163,0.077673
164,0.0777472
165,0.0778255
166,0.0779014
167,0.0779731
168,0.0780439
169,0.0781144
170,0.0781757
171,0.0782323
172,0.0782928
173,0.0783572
174,0.0784273
175,0.0784931
176,0.0785581
177,0.0786302
178,0.0787024
179,0.0787698
180,0.078824
181,0.0788687
182,0.0789138
183,0.0789638
184,0.0790238
185,0.0790876
186,0.0791554
187,0.0792308
188,0.0793037
189,0.0793643
190,0.0794186
191,0.0794776
192,0.0795451
193,0.0796182
194,0.0796741
195,0.0797101
196,0.0797419
197,0.0797735
198,0.0797999
199,0.0798164
