2,-3.91036e-06
3,-1.6337e-05
4,-3.31646e-05
5,-6.17676e-05
6,-0.000112504
7,-0.000165319
8,-0.000157264
9,4.02252e-06
10,0.000190925
11,0.00124599
12,0.00312571
13,0.00497146
14,0.00690862
15,0.00888993
16,0.0108794
17,0.0128653
18,0.0148432
19,0.0168178
20,0.0187893
21,0.0207527
22,0.0227043
23,0.0246414
24,0.0265591
25,0.0284505
26,0.0303271
27,0.0322034
28,0.0340617
29,0.0358878
30,0.0376818
31,0.0394413
32,0.0411645
33,0.0428497
34,0.0444947
35,0.0460971
36,0.0476543
37,0.0491637
38,0.050621
39,0.0520237
40,0.0533711
41,0.0546607
42,0.0558863
43,0.0570416
44,0.0581252
45,0.0591378
46,0.060082
47,0.0609666
48,0.0617952
49,0.0625602
50,0.0632549
51,0.0638781
52,0.0644381
53,0.0649402
54,0.0653874
55,0.0657888
56,0.0661538
57,0.0664899
58,0.066804
59,0.0671002
60,0.0673796
61,0.0676105
62,0.0677613
63,0.0678772
64,0.0680013
65,0.0681316
66,0.0682701
67,0.0684148
68,0.0685587
69,0.0687057
70,0.0688595
71,0.0690175
72,0.0691804
73,0.069345
74,0.0695069
75,0.0696683
76,0.069827
77,0.0699795
78,0.070122
79,0.070251
80,0.0703751
81,0.0704975
82,0.0706116
83,0.070731
84,0.0708577
85,0.0709799
86,0.0710962
87,0.0712073
88,0.0713165
89,0.0714271
90,0.0715236
91,0.0716065
92,0.0716935
93,0.0717914
94,0.0718941
95,0.0719856
96,0.072071
97,0.07216
98,0.0722515
99,0.0723479
100,0.072441
101,0.0725251
102,0.0726134
103,0.072712
104,0.0728196
105,0.0729263
106,0.0730226
107,0.0731099
108,0.0731937
109,0.0732831
110,0.0733647
111,0.0734419
112,0.0735221
113,0.0736152
114,0.0737218
115,0.0738352
116,0.0739386
117,0.0740203
118,0.0741138
119,0.0742155
120,0.0743148
121,0.0744024
122,0.0744886
123,0.0745749
124,0.0746606
125,0.074752
126,0.0748366
127,0.074913
128,0.0750011
129,0.0751028
130,0.0752059
131,0.0753019
132,0.0753889
133,0.0754722
134,0.0755576
135,0.0756351
136,0.0756965
137,0.0757767
138,0.0758662
139,0.0759506
140,0.0760313
141,0.0761166
142,0.076194
143,0.0762576
144,0.0763297
145,0.0764064
146,0.0764836
147,0.0765542
148,0.0766301
149,0.0767066
150,0.076769
151,0.0768235
152,0.0768791
153,0.0769471
154,0.0770186
155,0.0770971
156,0.0771807
157,0.0772442
158,0.0773025
159,0.0773741
160,0.0774538
161,0.0775324
162,0.0776037
163,0.077673
164,0.0777472
165,0.0778255
166,0.0779013
167,0.0779731
168,0.078044
169,0.0781143
170,0.0781756
171,0.0782322
172,0.0782928
173,0.0783572
174,0.0784273
175,0.078493
176,0.0785581
177,0.0786301
178,0.0787023
179,0.0787699
180,0.078824
181,0.0788687
182,0.0789138
183,0.0789638
184,0.0790238
185,0.0790877
186,0.0791554
187,0.0792308
188,0.0793038
189,0.0793643
190,0.0794186
191,0.0794777
192,0.0795452
193,0.0796181
194,0.0796741
195,0.0797102
196,0.0797418
197,0.0797734
198,0.0797998
199,0.0798164
