2,-4.02393e-06
3,-7.24921e-08
4,4.57504e-07
5,-3.36978e-05
6,-9.06606e-05
7,-0.000136677
8,-0.000112541
9,4.83783e-05
10,0.000223685
11,0.00126414
12,0.00312707
13,0.00496611
14,0.00689377
15,0.00887332
16,0.0108662
17,0.0128565
18,0.0148375
19,0.0168132
20,0.0187827
21,0.0207424
22,0.0226891
23,0.0246205
24,0.0265346
25,0.0284291
26,0.0303086
27,0.0321765
28,0.0340267
29,0.035852
30,0.0376464
31,0.0394059
32,0.0411274
33,0.0428082
34,0.0444485
35,0.0460483
36,0.0476037
37,0.0491102
38,0.0505656
39,0.0519672
40,0.0533116
41,0.0545967
42,0.0558194
43,0.0569759
44,0.0580608
45,0.0590721
46,0.0600163
47,0.0609021
48,0.0617295
49,0.0624934
50,0.0631894
51,0.0638179
52,0.0643853
53,0.0648967
54,0.0653551
55,0.0657649
56,0.0661337
57,0.0664704
58,0.0667842
59,0.0670822
60,0.0673681
61,0.0676105
62,0.0677716
63,0.0678907
64,0.0680157
65,0.0681498
66,0.0682867
67,0.0684212
68,0.0685596
69,0.0687066
70,0.0688595
71,0.0690168
72,0.0691805
73,0.0693454
74,0.0695063
75,0.0696678
76,0.0698273
77,0.0699797
78,0.0701218
79,0.0702509
80,0.0703752
81,0.070497
82,0.0706116
83,0.0707312
84,0.0708579
85,0.0709798
86,0.0710963
87,0.0712069
88,0.0713167
89,0.0714268
90,0.0715244
91,0.071608
92,0.0716936
93,0.0717919
94,0.0718942
95,0.0719855
96,0.0720711
97,0.0721603
98,0.0722516
99,0.0723481
100,0.072441
101,0.0725251
102,0.0726136
103,0.0727121
104,0.0728197
105,0.0729263
106,0.0730226
107,0.0731062
108,0.0731929
109,0.0732832
110,0.0733645
111,0.0734422
112,0.0735221
113,0.0736153
114,0.0737284
115,0.0738328
116,0.0739252
117,0.0740206
118,0.0741148
119,0.0742156
120,0.0743149
121,0.0744023
122,0.0744887
123,0.0745749
124,0.0746608
125,0.074752
126,0.0748367
127,0.074913
128,0.0750012
129,0.0751029
130,0.0752059
131,0.0753019
132,0.0753889
133,0.0754723
134,0.0755576
135,0.0756351
136,0.0756967
137,0.0757766
138,0.0758661
139,0.0759505
140,0.0760314
141,0.0761167
142,0.076194
143,0.0762576
144,0.0763299
145,0.0764064
146,0.0764835
147,0.0765541
148,0.0766302
149,0.0767066
150,0.0767689
151,0.0768236
152,0.076879
153,0.0769471
154,0.0770185
155,0.0770972
156,0.0771807
157,0.0772442
158,0.0773025
159,0.077374
160,0.0774538
161,0.0775324
162,0.0776036
163,0.077673
164,0.0777472
165,0.0778255
166,0.0779013
167,0.0779731
168,0.0780439
169,0.0781143
170,0.0781757
171,0.0782321
172,0.0782927
173,0.0783572
174,0.0784273
175,0.078493
176,0.0785581
177,0.0786302
178,0.0787023
179,0.0787698
180,0.078824
181,0.0788687
182,0.0789137
183,0.0789639
184,0.0790239
185,0.0790876
186,0.0791554
187,0.0792308
188,0.0793038
189,0.0793643
190,0.0794185
191,0.0794776
192,0.0795452
193,0.0796182
194,0.0796741
195,0.0797102
196,0.0797419
197,0.0797735
198,0.0797998
199,0.0798163
