2,-4.01833e-06
3,-1.70786e-05
4,-3.40604e-05
5,-6.2011e-05
6,-0.000109658
7,-0.000157787
8,-0.000148311
9,1.07296e-05
10,0.000195636
11,0.00125047
12,0.00312187
13,0.00495375
14,0.00688299
15,0.00886144
16,0.0108533
17,0.0128462
18,0.0148305
19,0.0168063
20,0.0187738
21,0.0207303
22,0.022674
23,0.0246027
24,0.0265148
25,0.0284106
26,0.0302906
27,0.0321541
28,0.0339978
29,0.0358174
30,0.0376092
31,0.0393675
32,0.0410874
33,0.0427673
34,0.0444058
35,0.0460013
36,0.0475522
37,0.049057
38,0.0505109
39,0.0519088
40,0.0532501
41,0.054534
42,0.055756
43,0.0569114
44,0.0579956
45,0.0590067
46,0.0599502
47,0.0608348
48,0.061659
49,0.06242
50,0.0631207
51,0.063757
52,0.0643301
53,0.0648481
54,0.0653144
55,0.0657321
56,0.0661074
57,0.0664485
58,0.0667654
59,0.0670658
60,0.0673575
61,0.0676098
62,0.0677797
63,0.0679042
64,0.0680324
65,0.0681645
66,0.0682987
67,0.0684335
68,0.0685691
69,0.0687111
70,0.068861
71,0.0690171
72,0.0691806
73,0.0693451
74,0.0695066
75,0.069668
76,0.0698275
77,0.0699791
78,0.0701193
79,0.070251
80,0.0703743
81,0.0704935
82,0.070611
83,0.0707313
84,0.0708577
85,0.0709802
86,0.0710963
87,0.0712071
88,0.0713166
89,0.071427
90,0.0715233
91,0.0716065
92,0.0716936
93,0.0717917
94,0.0718941
95,0.0719855
96,0.0720708
97,0.07216
98,0.0722515
99,0.0723479
100,0.0724409
101,0.0725247
102,0.0726126
103,0.072712
104,0.0728197
105,0.0729252
106,0.0730174
107,0.0731047
108,0.0731936
109,0.0732832
110,0.0733647
111,0.0734421
112,0.0735215
113,0.0736182
114,0.0737241
115,0.0738226
116,0.0739272
117,0.0740232
118,0.0741138
119,0.0742151
120,0.0743149
121,0.0744023
122,0.0744888
123,0.0745749
124,0.0746609
125,0.074752
126,0.0748367
127,0.0749128
128,0.0750011
129,0.0751028
130,0.075206
131,0.0753019
132,0.0753889
133,0.0754722
134,0.0755576
135,0.0756351
136,0.0756966
137,0.0757765
138,0.0758661
139,0.0759506
140,0.0760313
141,0.0761166
142,0.076194
143,0.0762576
144,0.0763299
145,0.0764064
146,0.0764836
147,0.0765541
148,0.0766302
149,0.0767066
150,0.076769
151,0.0768235
152,0.0768791
153,0.0769471
154,0.0770186
155,0.0770971
156,0.0771807
157,0.0772442
158,0.0773024
159,0.077374
160,0.0774539
161,0.0775324
162,0.0776036
163,0.077673
164,0.0777472
165,0.0778255
166,0.0779013
167,0.0779732
168,0.078044
169,0.0781144
170,0.0781757
171,0.0782323
172,0.0782928
173,0.0783572
174,0.0784272
175,0.0784931
176,0.0785581
177,0.0786301
178,0.0787023
179,0.0787698
180,0.078824
181,0.0788687
182,0.0789137
183,0.0789638
184,0.0790238
185,0.0790876
186,0.0791554
187,0.0792308
188,0.0793038
189,0.0793643
190,0.0794185
191,0.0794776
192,0.0795452
193,0.0796182
194,0.079674
195,0.0797102
196,0.0797418
197,0.0797735
198,0.0797998
199,0.0798163
