2,-1.33223e-05
3,-3.19381e-05
4,-4.17593e-05
5,-7.02395e-05
6,-0.000119803
7,-0.000157635
8,-0.000136481
9,1.52474e-05
10,0.000198649
11,0.00124805
12,0.00310734
13,0.00494086
14,0.00686655
15,0.00884262
16,0.0108341
17,0.012827
18,0.014811
19,0.0167868
20,0.0187521
21,0.0207055
22,0.022645
23,0.0245688
24,0.0264779
25,0.0283715
26,0.0302499
27,0.0321088
28,0.0339442
29,0.0357559
30,0.03754
31,0.039292
32,0.0410079
33,0.0426841
34,0.0443186
35,0.0459096
36,0.0474557
37,0.0489544
38,0.0504013
39,0.0517946
40,0.0531325
41,0.0544115
42,0.0556283
43,0.0567793
44,0.0578601
45,0.0588704
46,0.0598148
47,0.0607
48,0.0615284
49,0.0622978
50,0.0630038
51,0.063645
52,0.0642273
53,0.0647562
54,0.0652337
55,0.0656628
56,0.0660497
57,0.0664031
58,0.0667324
59,0.067046
60,0.0673504
61,0.0676108
62,0.0677871
63,0.0679187
64,0.0680455
65,0.0681721
66,0.0683051
67,0.0684435
68,0.0685835
69,0.0687225
70,0.0688647
71,0.0690173
72,0.0691805
73,0.0693451
74,0.0695067
75,0.0696687
76,0.069827
77,0.0699793
78,0.0701218
79,0.070251
80,0.0703749
81,0.0704929
82,0.0706069
83,0.0707306
84,0.0708576
85,0.0709786
86,0.0710962
87,0.0712069
88,0.0713168
89,0.0714268
90,0.0715248
91,0.07161
92,0.0716936
93,0.0717914
94,0.0718943
95,0.0719856
96,0.0720709
97,0.0721604
98,0.0722518
99,0.0723478
100,0.0724409
101,0.072525
102,0.0726146
103,0.072712
104,0.0728135
105,0.0729189
106,0.0730173
107,0.073106
108,0.0731941
109,0.0732833
110,0.0733645
111,0.0734457
112,0.0735267
113,0.0736085
114,0.0737064
115,0.0738226
116,0.0739273
117,0.0740204
118,0.0741166
119,0.0742152
120,0.0743151
121,0.0744022
122,0.0744888
123,0.0745749
124,0.0746608
125,0.0747519
126,0.0748367
127,0.0749129
128,0.075001
129,0.0751028
130,0.0752059
131,0.0753018
132,0.0753889
133,0.0754722
134,0.0755576
135,0.0756351
136,0.0756966
137,0.0757766
138,0.0758662
139,0.0759505
140,0.0760313
141,0.0761166
142,0.076194
143,0.0762576
144,0.0763297
145,0.0764065
146,0.0764835
147,0.0765541
148,0.0766301
149,0.0767066
150,0.076769
151,0.0768235
152,0.0768791
153,0.0769471
154,0.0770186
155,0.0770971
156,0.0771807
157,0.0772443
158,0.0773025
159,0.0773741
160,0.0774539
161,0.0775324
162,0.0776037
163,0.077673
164,0.0777472
165,0.0778255
166,0.0779012
167,0.0779731
168,0.078044
169,0.0781145
170,0.0781759
171,0.0782322
172,0.0782927
173,0.0783572
174,0.0784273
175,0.0784931
176,0.0785581
177,0.0786301
178,0.0787023
179,0.0787698
180,0.078824
181,0.0788687
182,0.0789138
183,0.0789638
184,0.0790238
185,0.0790876
186,0.0791554
187,0.0792308
188,0.0793038
189,0.0793643
190,0.0794185
191,0.0794776
192,0.0795452
193,0.0796182
194,0.0796741
195,0.0797102
196,0.0797419
197,0.0797735
198,0.0797999
199,0.0798164
