2,7.51032e-06
3,1.37631e-05
4,7.31909e-07
5,-3.28315e-05
6,-7.56665e-05
7,-0.00011993
8,-0.000111313
9,4.26524e-05
10,0.000204064
11,0.0012433
12,0.00311004
13,0.00493517
14,0.00685842
15,0.00883484
16,0.0108255
17,0.0128172
18,0.0148016
19,0.0167768
20,0.0187412
21,0.0206923
22,0.0226301
23,0.0245529
24,0.0264602
25,0.0283516
26,0.0302288
27,0.0320861
28,0.0339188
29,0.0357267
30,0.037507
31,0.0392557
32,0.0409686
33,0.0426426
34,0.0442756
35,0.0458633
36,0.0474055
37,0.0489016
38,0.050347
39,0.0517391
40,0.0530748
41,0.0543505
42,0.0555649
43,0.0567148
44,0.0577945
45,0.0588034
46,0.0597478
47,0.0606347
48,0.0614653
49,0.0622363
50,0.0629456
51,0.0635918
52,0.0641781
53,0.0647114
54,0.0651953
55,0.0656303
56,0.0660235
57,0.0663841
58,0.0667184
59,0.0670345
60,0.0673422
61,0.0676096
62,0.0677911
63,0.0679236
64,0.0680521
65,0.0681787
66,0.0683102
67,0.0684491
68,0.0685881
69,0.0687239
70,0.0688635
71,0.0690159
72,0.0691802
73,0.0693452
74,0.0695056
75,0.0696672
76,0.0698267
77,0.0699793
78,0.0701215
79,0.0702543
80,0.0703811
81,0.070487
82,0.0706062
83,0.0707394
84,0.0708589
85,0.0709793
86,0.0710962
87,0.0712073
88,0.0713174
89,0.0714246
90,0.0715237
91,0.07161
92,0.0716935
93,0.0717916
94,0.0718942
95,0.0719856
96,0.0720707
97,0.0721604
98,0.0722514
99,0.0723488
100,0.0724408
101,0.0725261
102,0.0726181
103,0.0727122
104,0.0728135
105,0.0729186
106,0.0730172
107,0.0731064
108,0.0731936
109,0.0732834
110,0.0733683
111,0.0734422
112,0.0735261
113,0.0736127
114,0.0737061
115,0.0738229
116,0.0739271
117,0.0740206
118,0.0741163
119,0.0742155
120,0.0743148
121,0.0744024
122,0.0744888
123,0.074575
124,0.0746607
125,0.0747521
126,0.0748367
127,0.0749129
128,0.0750011
129,0.0751028
130,0.0752059
131,0.0753019
132,0.0753889
133,0.0754722
134,0.0755576
135,0.0756351
136,0.0756967
137,0.0757766
138,0.0758662
139,0.0759505
140,0.0760314
141,0.0761166
142,0.076194
143,0.0762576
144,0.0763299
145,0.0764064
146,0.0764835
147,0.076554
148,0.0766302
149,0.0767065
150,0.0767689
151,0.0768234
152,0.0768791
153,0.0769471
154,0.0770185
155,0.0770971
156,0.0771807
157,0.0772442
158,0.0773025
159,0.0773741
160,0.0774538
161,0.0775324
162,0.0776037
163,0.077673
164,0.0777472
165,0.0778256
166,0.0779013
167,0.0779731
168,0.0780438
169,0.078114
170,0.0781755
171,0.0782322
172,0.0782927
173,0.0783571
174,0.0784273
175,0.0784931
176,0.0785581
177,0.0786302
178,0.0787023
179,0.0787698
180,0.078824
181,0.0788687
182,0.0789138
183,0.0789639
184,0.0790239
185,0.0790876
186,0.0791555
187,0.0792308
188,0.0793038
189,0.0793643
190,0.0794186
191,0.0794775
192,0.0795452
193,0.0796182
194,0.0796741
195,0.0797102
196,0.0797418
197,0.0797735
198,0.0797998
199,0.0798163
