2,-1.11645e-05
3,-1.66941e-05
4,-1.58816e-05
5,-4.47029e-05
6,-9.45212e-05
7,-0.000132426
8,-0.00010934
9,3.95044e-05
10,0.000211634
11,0.00124692
12,0.00309862
13,0.00493141
14,0.0068527
15,0.00882639
16,0.0108168
17,0.0128085
18,0.0147909
19,0.0167649
20,0.0187294
21,0.020681
22,0.0226169
23,0.0245368
24,0.0264414
25,0.0283308
26,0.0302065
27,0.0320619
28,0.0338928
29,0.0356986
30,0.0374757
31,0.0392208
32,0.0409309
33,0.0426026
34,0.044233
35,0.0458183
36,0.0473574
37,0.0488505
38,0.0502959
39,0.0516869
40,0.0530187
41,0.0542908
42,0.0554999
43,0.0566452
44,0.0577268
45,0.0587385
46,0.0596826
47,0.0605701
48,0.0614026
49,0.062176
50,0.0628878
51,0.0635357
52,0.064125
53,0.0646649
54,0.0651569
55,0.0656014
56,0.0660032
57,0.0663685
58,0.0667076
59,0.0670278
60,0.0673381
61,0.0676089
62,0.0677911
63,0.0679233
64,0.0680547
65,0.068183
66,0.0683137
67,0.0684509
68,0.0685889
69,0.0687247
70,0.0688646
71,0.0690163
72,0.0691802
73,0.0693451
74,0.069506
75,0.0696672
76,0.0698267
77,0.0699793
78,0.0701217
79,0.070259
80,0.0703733
81,0.0704827
82,0.0706082
83,0.0707348
84,0.0708586
85,0.0709783
86,0.0710961
87,0.0712083
88,0.0713162
89,0.0714261
90,0.0715272
91,0.0716101
92,0.0716936
93,0.0717913
94,0.0718943
95,0.0719856
96,0.0720712
97,0.0721597
98,0.0722519
99,0.0723476
100,0.0724419
101,0.0725327
102,0.0726194
103,0.0727114
104,0.0728135
105,0.0729181
106,0.0730172
107,0.073106
108,0.0731941
109,0.073286
110,0.0733669
111,0.0734417
112,0.0735273
113,0.0736117
114,0.0737062
115,0.0738227
116,0.0739272
117,0.0740206
118,0.0741164
119,0.0742156
120,0.074315
121,0.0744023
122,0.0744886
123,0.0745749
124,0.0746607
125,0.074752
126,0.0748367
127,0.0749128
128,0.0750011
129,0.0751028
130,0.0752059
131,0.0753018
132,0.0753889
133,0.0754722
134,0.0755576
135,0.0756351
136,0.0756966
137,0.0757765
138,0.0758662
139,0.0759505
140,0.0760314
141,0.0761166
142,0.076194
143,0.0762577
144,0.0763297
145,0.0764064
146,0.0764836
147,0.0765541
148,0.0766303
149,0.0767065
150,0.076769
151,0.0768234
152,0.0768791
153,0.0769471
154,0.0770186
155,0.0770972
156,0.0771807
157,0.0772442
158,0.0773025
159,0.0773741
160,0.0774539
161,0.0775324
162,0.0776037
163,0.077673
164,0.0777472
165,0.0778255
166,0.0779014
167,0.0779732
168,0.078044
169,0.0781145
170,0.0781757
171,0.0782321
172,0.0782927
173,0.0783572
174,0.0784273
175,0.0784931
176,0.0785581
177,0.0786302
178,0.0787024
179,0.0787698
180,0.078824
181,0.0788687
182,0.0789137
183,0.0789638
184,0.0790238
185,0.0790877
186,0.0791554
187,0.0792308
188,0.0793037
189,0.0793642
190,0.0794186
191,0.0794776
192,0.0795452
193,0.0796182
194,0.079674
195,0.0797102
196,0.0797418
197,0.0797735
198,0.0797999
199,0.0798164
