2,0.000620536
3,0.000842877
4,0.000273912
5,-7.78887e-05
6,-0.0001315
7,0.000111205
8,0.000283601
9,0.000508047
10,0.000673892
11,0.0010868
12,0.00198588
13,0.00337761
14,0.00506495
15,0.00686385
16,0.00877622
17,0.0107456
18,0.0127883
19,0.014872
20,0.0170376
21,0.0192972
22,0.0216521
23,0.0240966
24,0.0265956
25,0.0290919
26,0.031524
27,0.0338486
28,0.0360609
29,0.0381769
30,0.0402103
31,0.042162
32,0.044035
33,0.0458399
34,0.0475884
35,0.0492705
36,0.0508765
37,0.0524068
38,0.0538489
39,0.0551853
40,0.0564195
41,0.0575704
42,0.0586619
43,0.0597123
44,0.0607207
45,0.0616754
46,0.0625635
47,0.0633945
48,0.0641465
49,0.0648079
50,0.0653845
51,0.0658652
52,0.0662603
53,0.0665653
54,0.0667894
55,0.0669365
56,0.0670175
57,0.0670476
58,0.067052
59,0.0670624
60,0.0671094
61,0.0672006
62,0.0673322
63,0.067492
64,0.0676704
65,0.0678598
66,0.0680549
67,0.0682538
68,0.0684558
69,0.0686579
70,0.068859
71,0.0690567
72,0.0692439
73,0.0694207
74,0.0695839
75,0.0697341
76,0.0698748
77,0.070007
78,0.0701353
79,0.0702629
80,0.0703905
81,0.0705182
82,0.0706426
83,0.0707606
84,0.0708735
85,0.0709804
86,0.0710845
87,0.0711888
88,0.0712914
89,0.0713952
90,0.0714993
91,0.0716027
92,0.0717047
93,0.0718021
94,0.0718957
95,0.0719877
96,0.0720777
97,0.0721681
98,0.0722611
99,0.0723547
100,0.0724481
101,0.0725422
102,0.0726394
103,0.0727376
104,0.0728374
105,0.0729399
106,0.073041
107,0.0731404
108,0.0732348
109,0.0733241
110,0.0734109
111,0.0734942
112,0.073575
113,0.0736614
114,0.073762
115,0.0738669
116,0.0739681
117,0.0740662
118,0.0741612
119,0.0742542
120,0.0743442
121,0.0744337
122,0.0745214
123,0.0746047
124,0.0746888
125,0.0747752
126,0.0748631
127,0.0749507
128,0.0750361
129,0.0751218
130,0.075207
131,0.0752903
132,0.0753735
133,0.0754584
134,0.0755459
135,0.0756302
136,0.0757036
137,0.0757809
138,0.0758727
139,0.0759653
140,0.0760545
141,0.0761406
142,0.0762207
143,0.0762956
144,0.076362
145,0.0764172
146,0.0764807
147,0.0765573
148,0.076633
149,0.0767039
150,0.0767677
151,0.0768228
152,0.0768802
153,0.0769488
154,0.0770198
155,0.0770975
156,0.0771801
157,0.0772432
158,0.0773018
159,0.0773739
160,0.0774537
161,0.0775331
162,0.0776043
163,0.0776736
164,0.077748
165,0.0778251
166,0.0779013
167,0.0779735
168,0.0780437
169,0.0781141
170,0.0781756
171,0.0782321
172,0.0782928
173,0.0783574
174,0.0784268
175,0.0784929
176,0.0785586
177,0.07863
178,0.0787022
179,0.07877
180,0.0788238
181,0.078869
182,0.0789135
183,0.0789638
184,0.0790238
185,0.0790873
186,0.0791564
187,0.0792304
188,0.0793038
189,0.0793646
190,0.0794183
191,0.0794772
192,0.079545
193,0.0796185
194,0.0796739
195,0.0797104
196,0.079742
197,0.0797731
198,0.0798
199,0.0798162
