2,-7.37671e-06
3,-2.40858e-05
4,-3.84015e-05
5,-6.05106e-05
6,-0.000101398
7,-0.000141388
8,-0.000133101
9,1.13643e-05
10,0.000186998
11,0.00123347
12,0.00309593
13,0.00492443
14,0.00684738
15,0.0088205
16,0.0108088
17,0.0127996
18,0.0147824
19,0.0167558
20,0.0187183
21,0.0206679
22,0.0226023
23,0.0245206
24,0.0264228
25,0.0283104
26,0.0301838
27,0.0320375
28,0.0338662
29,0.0356693
30,0.0374439
31,0.0391868
32,0.0408942
33,0.0425623
34,0.0441891
35,0.0457717
36,0.0473083
37,0.0487994
38,0.0502416
39,0.0516301
40,0.0529628
41,0.0542337
42,0.0554353
43,0.0565734
44,0.0576547
45,0.0586703
46,0.0596178
47,0.0605073
48,0.0613408
49,0.0621152
50,0.0628314
51,0.0634968
52,0.0641041
53,0.0646416
54,0.0651238
55,0.0655643
56,0.0659673
57,0.0663414
58,0.0666901
59,0.0670178
60,0.0673357
61,0.0676099
62,0.0677916
63,0.0679228
64,0.068053
65,0.0681809
66,0.0683121
67,0.0684502
68,0.0685889
69,0.0687249
70,0.0688648
71,0.0690171
72,0.0691804
73,0.0693451
74,0.0695064
75,0.0696691
76,0.0698288
77,0.0699806
78,0.0701272
79,0.0702461
80,0.0703579
81,0.0704838
82,0.0706104
83,0.070736
84,0.0708581
85,0.070978
86,0.071097
87,0.0712064
88,0.0713161
89,0.0714267
90,0.071524
91,0.07161
92,0.0716936
93,0.0717914
94,0.0718942
95,0.0719856
96,0.0720708
97,0.0721602
98,0.0722515
99,0.0723488
100,0.07245
101,0.0725382
102,0.07262
103,0.0727119
104,0.0728135
105,0.0729184
106,0.0730171
107,0.0731064
108,0.0731978
109,0.0732822
110,0.0733596
111,0.0734421
112,0.0735274
113,0.073612
114,0.0737063
115,0.0738227
116,0.0739271
117,0.0740204
118,0.0741164
119,0.0742155
120,0.074315
121,0.0744023
122,0.0744888
123,0.0745749
124,0.0746608
125,0.074752
126,0.0748367
127,0.0749128
128,0.0750011
129,0.0751027
130,0.0752059
131,0.0753018
132,0.075389
133,0.0754722
134,0.0755576
135,0.075635
136,0.0756967
137,0.0757766
138,0.0758662
139,0.0759505
140,0.0760313
141,0.0761166
142,0.076194
143,0.0762575
144,0.0763298
145,0.0764064
146,0.0764835
147,0.0765542
148,0.0766302
149,0.0767065
150,0.0767689
151,0.0768235
152,0.076879
153,0.0769471
154,0.0770185
155,0.0770971
156,0.0771807
157,0.0772443
158,0.0773025
159,0.0773741
160,0.0774539
161,0.0775324
162,0.0776037
163,0.077673
164,0.0777473
165,0.0778256
166,0.0779014
167,0.0779732
168,0.078044
169,0.0781144
170,0.0781757
171,0.0782321
172,0.0782927
173,0.0783571
174,0.0784273
175,0.0784931
176,0.0785581
177,0.0786302
178,0.0787023
179,0.0787697
180,0.078824
181,0.0788687
182,0.0789137
183,0.0789638
184,0.0790238
185,0.0790877
186,0.0791554
187,0.0792308
188,0.0793038
189,0.0793643
190,0.0794186
191,0.0794776
192,0.0795452
193,0.0796182
194,0.079674
195,0.0797102
196,0.0797419
197,0.0797735
198,0.0797998
199,0.0798164
