2,6.3703e-06
3,1.67948e-05
4,8.96398e-06
5,-2.29042e-05
6,-6.31572e-05
7,-0.000102082
8,-8.95209e-05
9,5.65143e-05
10,0.000211279
11,0.00123881
12,0.00309351
13,0.00491793
14,0.0068378
15,0.0088117
16,0.0108013
17,0.0127918
18,0.0147738
19,0.0167465
20,0.0187077
21,0.020655
22,0.0225878
23,0.0245039
24,0.0264038
25,0.0282894
26,0.0301615
27,0.0320137
28,0.0338405
29,0.0356408
30,0.0374116
31,0.0391508
32,0.0408551
33,0.0425208
34,0.0441455
35,0.0457263
36,0.0472602
37,0.0487472
38,0.0501857
39,0.0515729
40,0.0529027
41,0.0541712
42,0.0553764
43,0.0565177
44,0.0575959
45,0.058608
46,0.0595552
47,0.0604465
48,0.0612828
49,0.0620598
50,0.0627787
51,0.0634401
52,0.0640441
53,0.0645935
54,0.0650907
55,0.0655398
56,0.0659493
57,0.0663262
58,0.0666776
59,0.0670097
60,0.0673308
61,0.0676084
62,0.0677915
63,0.0679232
64,0.0680541
65,0.0681811
66,0.0683117
67,0.0684494
68,0.0685886
69,0.0687247
70,0.0688635
71,0.0690156
72,0.0691805
73,0.0693454
74,0.0695058
75,0.0696677
76,0.0698271
77,0.0699802
78,0.0701223
79,0.0702458
80,0.0703608
81,0.0704824
82,0.0706112
83,0.0707384
84,0.0708582
85,0.0709782
86,0.0710966
87,0.0712068
88,0.0713166
89,0.0714268
90,0.0715257
91,0.0716099
92,0.0716937
93,0.0717914
94,0.0718942
95,0.0719855
96,0.0720708
97,0.0721605
98,0.0722513
99,0.0723498
100,0.072443
101,0.0725316
102,0.0726186
103,0.072712
104,0.0728133
105,0.0729193
106,0.073017
107,0.0731076
108,0.0731977
109,0.073278
110,0.0733607
111,0.0734418
112,0.0735276
113,0.0736118
114,0.0737064
115,0.0738227
116,0.0739272
117,0.0740205
118,0.0741165
119,0.0742153
120,0.074315
121,0.0744022
122,0.0744887
123,0.074575
124,0.0746608
125,0.074752
126,0.0748367
127,0.0749129
128,0.0750011
129,0.0751028
130,0.0752059
131,0.0753018
132,0.0753889
133,0.0754722
134,0.0755575
135,0.0756351
136,0.0756967
137,0.0757766
138,0.0758662
139,0.0759506
140,0.0760314
141,0.0761166
142,0.076194
143,0.0762576
144,0.0763299
145,0.0764064
146,0.0764836
147,0.0765541
148,0.0766302
149,0.0767066
150,0.0767689
151,0.0768236
152,0.0768791
153,0.0769471
154,0.0770186
155,0.0770971
156,0.0771807
157,0.0772443
158,0.0773025
159,0.0773741
160,0.0774539
161,0.0775324
162,0.0776037
163,0.077673
164,0.0777473
165,0.0778256
166,0.0779013
167,0.0779732
168,0.078044
169,0.0781143
170,0.0781758
171,0.0782322
172,0.0782927
173,0.0783571
174,0.0784273
175,0.0784931
176,0.0785581
177,0.0786302
178,0.0787024
179,0.0787698
180,0.078824
181,0.0788687
182,0.0789137
183,0.0789638
184,0.0790238
185,0.0790876
186,0.0791554
187,0.0792308
188,0.0793038
189,0.0793643
190,0.0794186
191,0.0794776
192,0.0795452
193,0.0796182
194,0.0796741
195,0.0797102
196,0.0797419
197,0.0797735
198,0.0797998
199,0.0798164
