2,-1.56361e-05
3,-3.05802e-05
4,-3.28188e-05
5,-5.61931e-05
6,-9.96044e-05
7,-0.000132382
8,-0.00011261
9,2.75126e-05
10,0.000200763
11,0.00123526
12,0.00308404
13,0.00491646
14,0.00683473
15,0.00880519
16,0.0107926
17,0.012782
18,0.0147631
19,0.0167351
20,0.0186954
21,0.0206423
22,0.0225731
23,0.0244869
24,0.0263854
25,0.0282694
26,0.0301393
27,0.0319887
28,0.0338131
29,0.0356118
30,0.0373795
31,0.039114
32,0.0408142
33,0.0424774
34,0.044101
35,0.0456809
36,0.0472136
37,0.0486984
38,0.0501337
39,0.0515168
40,0.0528441
41,0.0541121
42,0.0553178
43,0.0564587
44,0.0575336
45,0.0585429
46,0.0594913
47,0.0603844
48,0.0612227
49,0.0620033
50,0.062724
51,0.063386
52,0.0639921
53,0.0645465
54,0.0650514
55,0.06551
56,0.0659275
57,0.0663089
58,0.0666611
59,0.0669959
60,0.0673263
61,0.0676088
62,0.0677909
63,0.0679234
64,0.068055
65,0.0681828
66,0.0683122
67,0.068449
68,0.0685883
69,0.0687251
70,0.068865
71,0.0690163
72,0.06918
73,0.0693449
74,0.0695057
75,0.0696674
76,0.0698267
77,0.0699802
78,0.0701227
79,0.0702459
80,0.0703607
81,0.0704823
82,0.0706112
83,0.0707383
84,0.0708582
85,0.070978
86,0.0710965
87,0.0712069
88,0.0713165
89,0.0714265
90,0.0715256
91,0.0716099
92,0.0716937
93,0.0717914
94,0.0718941
95,0.0719855
96,0.0720708
97,0.0721596
98,0.0722518
99,0.0723475
100,0.0724414
101,0.0725312
102,0.0726187
103,0.0727119
104,0.0728136
105,0.0729188
106,0.0730172
107,0.0731074
108,0.0731972
109,0.0732782
110,0.0733597
111,0.0734423
112,0.0735271
113,0.0736122
114,0.0737062
115,0.0738227
116,0.0739272
117,0.0740205
118,0.0741164
119,0.0742155
120,0.074315
121,0.0744022
122,0.0744887
123,0.074575
124,0.0746609
125,0.074752
126,0.0748367
127,0.0749129
128,0.0750009
129,0.0751029
130,0.0752059
131,0.0753019
132,0.0753889
133,0.0754722
134,0.0755576
135,0.0756351
136,0.0756966
137,0.0757766
138,0.0758661
139,0.0759506
140,0.0760313
141,0.0761165
142,0.076194
143,0.0762574
144,0.0763299
145,0.0764063
146,0.0764835
147,0.0765541
148,0.0766302
149,0.0767065
150,0.0767689
151,0.0768235
152,0.0768792
153,0.0769471
154,0.0770186
155,0.0770971
156,0.0771807
157,0.0772442
158,0.0773024
159,0.0773741
160,0.0774539
161,0.0775325
162,0.0776037
163,0.077673
164,0.0777472
165,0.0778256
166,0.0779013
167,0.0779731
168,0.0780439
169,0.0781143
170,0.0781758
171,0.0782321
172,0.0782927
173,0.0783572
174,0.0784273
175,0.078493
176,0.0785581
177,0.0786302
178,0.0787024
179,0.0787698
180,0.078824
181,0.0788687
182,0.0789138
183,0.0789638
184,0.0790239
185,0.0790876
186,0.0791554
187,0.0792308
188,0.0793038
189,0.0793643
190,0.0794186
191,0.0794776
192,0.0795451
193,0.0796182
194,0.0796741
195,0.0797102
196,0.0797419
197,0.0797735
198,0.0797999
199,0.0798163
