2,-2.0651e-06
3,-1.21901e-05
4,-2.57867e-05
5,-4.59702e-05
6,-8.23332e-05
7,-0.000124831
8,-0.000124235
9,1.504e-05
10,0.000187645
11,0.00123081
12,0.00308565
13,0.00490749
14,0.00682765
15,0.00879834
16,0.0107843
17,0.012773
18,0.0147537
19,0.0167244
20,0.0186829
21,0.0206276
22,0.022557
23,0.0244696
24,0.0263674
25,0.0282499
26,0.0301162
27,0.0319625
28,0.0337851
29,0.0355811
30,0.0373468
31,0.0390795
32,0.0407767
33,0.0424365
34,0.0440575
35,0.0456353
36,0.0471663
37,0.0486494
38,0.0500823
39,0.0514619
40,0.0527854
41,0.0540508
42,0.055256
43,0.0563991
44,0.0574761
45,0.0584833
46,0.0594294
47,0.0603236
48,0.061164
49,0.0619469
50,0.0626706
51,0.0633341
52,0.0639412
53,0.0644997
54,0.0650124
55,0.0654784
56,0.0659004
57,0.0662844
58,0.0666407
59,0.0669816
60,0.067315
61,0.0676019
62,0.0677908
63,0.0679243
64,0.0680549
65,0.0681822
66,0.0683122
67,0.06845
68,0.0685885
69,0.0687243
70,0.0688647
71,0.0690173
72,0.0691804
73,0.0693454
74,0.0695064
75,0.0696672
76,0.0698271
77,0.0699799
78,0.0701209
79,0.0702453
80,0.0703607
81,0.0704824
82,0.0706112
83,0.0707383
84,0.0708588
85,0.070978
86,0.0710962
87,0.0712069
88,0.0713167
89,0.0714264
90,0.0715253
91,0.0716099
92,0.0716937
93,0.0717913
94,0.0718942
95,0.0719855
96,0.0720709
97,0.0721597
98,0.0722519
99,0.0723475
100,0.0724415
101,0.0725321
102,0.0726203
103,0.072712
104,0.0728134
105,0.0729186
106,0.0730171
107,0.0731075
108,0.0731917
109,0.0732781
110,0.0733622
111,0.0734416
112,0.0735278
113,0.0736117
114,0.0737063
115,0.0738227
116,0.0739273
117,0.0740204
118,0.0741165
119,0.0742154
120,0.074315
121,0.0744022
122,0.0744888
123,0.0745749
124,0.0746609
125,0.0747521
126,0.0748367
127,0.0749129
128,0.0750011
129,0.0751028
130,0.0752059
131,0.0753018
132,0.075389
133,0.0754722
134,0.0755576
135,0.0756351
136,0.0756964
137,0.0757767
138,0.0758662
139,0.0759506
140,0.0760313
141,0.0761166
142,0.0761941
143,0.0762576
144,0.0763299
145,0.0764064
146,0.0764836
147,0.0765542
148,0.0766303
149,0.0767065
150,0.0767689
151,0.0768234
152,0.0768791
153,0.0769471
154,0.0770185
155,0.0770972
156,0.0771807
157,0.0772442
158,0.0773025
159,0.0773741
160,0.0774539
161,0.0775325
162,0.0776037
163,0.077673
164,0.0777473
165,0.0778256
166,0.0779013
167,0.0779731
168,0.078044
169,0.0781143
170,0.0781758
171,0.0782321
172,0.0782926
173,0.0783571
174,0.0784273
175,0.078493
176,0.0785581
177,0.0786302
178,0.0787024
179,0.0787698
180,0.078824
181,0.0788687
182,0.0789137
183,0.0789638
184,0.0790239
185,0.0790876
186,0.0791554
187,0.0792308
188,0.0793039
189,0.0793643
190,0.0794186
191,0.0794776
192,0.0795452
193,0.0796182
194,0.0796741
195,0.0797102
196,0.0797419
197,0.0797735
198,0.0797999
199,0.0798163
