2,4.26357e-08
3,1.5629e-06
4,-3.56554e-06
5,-2.64528e-05
6,-6.07481e-05
7,-9.6995e-05
8,-8.59956e-05
9,5.52512e-05
10,0.000208396
11,0.00123259
12,0.00308391
13,0.00490886
14,0.00682513
15,0.00879473
16,0.0107805
17,0.0127671
18,0.0147458
19,0.0167149
20,0.0186719
21,0.0206152
22,0.0225435
23,0.0244547
24,0.0263515
25,0.0282323
26,0.0300964
27,0.0319396
28,0.0337598
29,0.0355538
30,0.037317
31,0.0390472
32,0.0407432
33,0.0424016
34,0.044019
35,0.0455927
36,0.0471211
37,0.0486018
38,0.0500317
39,0.0514087
40,0.0527306
41,0.053995
42,0.0552002
43,0.0563429
44,0.057419
45,0.0584282
46,0.0593747
47,0.060266
48,0.0611052
49,0.0618893
50,0.0626157
51,0.0632845
52,0.0638974
53,0.06446
54,0.064975
55,0.0654429
56,0.0658705
57,0.0662621
58,0.0666232
59,0.0669619
60,0.06728
61,0.0675545
62,0.067759
63,0.0679159
64,0.0680527
65,0.0681804
66,0.0683114
67,0.0684503
68,0.0685892
69,0.0687253
70,0.0688648
71,0.0690173
72,0.0691804
73,0.0693457
74,0.0695122
75,0.0696758
76,0.0698378
77,0.0699797
78,0.0701092
79,0.07024
80,0.0703594
81,0.0704823
82,0.0706107
83,0.0707359
84,0.0708698
85,0.0709854
86,0.0710914
87,0.0712069
88,0.0713166
89,0.0714268
90,0.0715269
91,0.0716102
92,0.0716935
93,0.0717913
94,0.0718942
95,0.0719855
96,0.0720706
97,0.0721603
98,0.0722644
99,0.0723591
100,0.0724411
101,0.0725319
102,0.0726216
103,0.0727119
104,0.0728138
105,0.0729168
106,0.0730182
107,0.0731055
108,0.0731831
109,0.0732782
110,0.0733622
111,0.0734417
112,0.0735275
113,0.073611
114,0.0737064
115,0.0738226
116,0.0739272
117,0.0740204
118,0.0741164
119,0.0742154
120,0.0743151
121,0.0744022
122,0.0744889
123,0.0745749
124,0.074661
125,0.0747519
126,0.0748368
127,0.0749127
128,0.0750011
129,0.0751027
130,0.0752059
131,0.0753019
132,0.0753889
133,0.0754722
134,0.0755576
135,0.0756351
136,0.0756967
137,0.0757766
138,0.0758662
139,0.0759506
140,0.0760313
141,0.0761166
142,0.076194
143,0.0762573
144,0.0763298
145,0.0764064
146,0.0764836
147,0.076554
148,0.0766303
149,0.0767065
150,0.0767689
151,0.0768235
152,0.0768791
153,0.0769471
154,0.0770186
155,0.0770971
156,0.0771807
157,0.0772442
158,0.0773025
159,0.0773741
160,0.0774538
161,0.0775324
162,0.0776037
163,0.077673
164,0.0777473
165,0.0778255
166,0.0779014
167,0.0779732
168,0.0780439
169,0.0781143
170,0.0781757
171,0.0782321
172,0.0782927
173,0.0783572
174,0.0784273
175,0.0784931
176,0.078558
177,0.0786302
178,0.0787023
179,0.0787698
180,0.078824
181,0.0788687
182,0.0789137
183,0.0789638
184,0.0790239
185,0.0790876
186,0.0791554
187,0.0792307
188,0.0793038
189,0.0793642
190,0.0794186
191,0.0794775
192,0.0795451
193,0.0796181
194,0.0796741
195,0.0797102
196,0.0797419
197,0.0797735
198,0.0797999
199,0.0798164
