2,-1.718e-05
3,-3.5434e-05
4,-4.04039e-05
5,-6.37758e-05
6,-0.000100262
7,-0.000125007
8,-9.93987e-05
9,4.33103e-05
10,0.000209549
11,0.00123469
12,0.00307597
13,0.00490541
14,0.00682302
15,0.00879171
16,0.0107763
17,0.0127619
18,0.0147393
19,0.0167067
20,0.0186616
21,0.0206036
22,0.0225298
23,0.0244397
24,0.0263357
25,0.0282154
26,0.0300777
27,0.0319186
28,0.0337353
29,0.0355266
30,0.0372885
31,0.0390174
32,0.0407108
33,0.0423663
34,0.0439798
35,0.0455501
36,0.0470755
37,0.0485534
38,0.0499809
39,0.0513555
40,0.0526757
41,0.0539404
42,0.0551457
43,0.0562868
44,0.0573612
45,0.0583701
46,0.0593178
47,0.0602106
48,0.0610507
49,0.0618358
50,0.0625653
51,0.0632384
52,0.0638526
53,0.0644163
54,0.0649378
55,0.0654142
56,0.0658471
57,0.0662406
58,0.0666026
59,0.0669417
60,0.0672648
61,0.0675491
62,0.067755
63,0.0679091
64,0.06805
65,0.0681804
66,0.0683117
67,0.0684496
68,0.0685887
69,0.068725
70,0.0688646
71,0.069017
72,0.0691802
73,0.0693456
74,0.0695111
75,0.0696766
76,0.0698357
77,0.0699791
78,0.0701105
79,0.0702371
80,0.0703577
81,0.0704824
82,0.0706111
83,0.070739
84,0.070867
85,0.0709854
86,0.0710968
87,0.0712065
88,0.0713167
89,0.0714261
90,0.0715244
91,0.0716098
92,0.0716937
93,0.0717915
94,0.0718943
95,0.0719856
96,0.0720707
97,0.0721649
98,0.0722559
99,0.072347
100,0.0724416
101,0.0725341
102,0.0726215
103,0.072712
104,0.0728133
105,0.0729226
106,0.0730175
107,0.0730875
108,0.0731802
109,0.0732799
110,0.0733618
111,0.073442
112,0.0735274
113,0.0736118
114,0.0737063
115,0.0738227
116,0.0739272
117,0.0740205
118,0.0741164
119,0.0742154
120,0.074315
121,0.0744023
122,0.0744888
123,0.074575
124,0.0746608
125,0.0747519
126,0.0748366
127,0.0749129
128,0.0750011
129,0.0751028
130,0.0752059
131,0.0753018
132,0.075389
133,0.0754722
134,0.0755576
135,0.0756351
136,0.0756967
137,0.0757765
138,0.0758662
139,0.0759506
140,0.0760313
141,0.0761166
142,0.0761939
143,0.0762575
144,0.0763299
145,0.0764064
146,0.0764835
147,0.0765541
148,0.0766302
149,0.0767066
150,0.0767689
151,0.0768235
152,0.0768791
153,0.0769471
154,0.0770186
155,0.0770971
156,0.0771807
157,0.0772442
158,0.0773025
159,0.0773741
160,0.0774539
161,0.0775324
162,0.0776038
163,0.077673
164,0.0777472
165,0.0778256
166,0.0779014
167,0.0779732
168,0.0780439
169,0.0781145
170,0.0781757
171,0.078232
172,0.0782927
173,0.0783571
174,0.0784273
175,0.0784931
176,0.0785581
177,0.0786302
178,0.0787024
179,0.0787699
180,0.078824
181,0.0788687
182,0.0789138
183,0.0789638
184,0.0790239
185,0.0790876
186,0.0791554
187,0.0792308
188,0.0793038
189,0.0793643
190,0.0794185
191,0.0794776
192,0.0795451
193,0.0796182
194,0.0796741
195,0.0797102
196,0.0797419
197,0.0797735
198,0.0797998
199,0.0798164
