2,-5.37822e-06
3,-2.54421e-05
4,-4.79094e-05
5,-6.87984e-05
6,-9.9042e-05
7,-0.000128619
8,-0.000114544
9,2.6893e-05
10,0.000193773
11,0.00122735
12,0.00307758
13,0.00490153
14,0.0068198
15,0.00878833
16,0.0107717
17,0.0127563
18,0.0147324
19,0.0166977
20,0.0186515
21,0.0205918
22,0.0225166
23,0.0244254
24,0.0263196
25,0.0281974
26,0.0300578
27,0.0318969
28,0.033711
29,0.0354995
30,0.0372594
31,0.0389867
32,0.0406782
33,0.042331
34,0.0439416
35,0.0455082
36,0.0470291
37,0.0485033
38,0.0499293
39,0.0513028
40,0.0526222
41,0.053886
42,0.0550894
43,0.0562289
44,0.0573029
45,0.0583117
46,0.0592602
47,0.0601541
48,0.0609942
49,0.06178
50,0.0625105
51,0.0631848
52,0.0638051
53,0.0643763
54,0.0649013
55,0.0653792
56,0.0658143
57,0.0662128
58,0.0665808
59,0.0669258
60,0.0672601
61,0.0675511
62,0.0677527
63,0.0679016
64,0.0680433
65,0.0681774
66,0.0683106
67,0.0684501
68,0.0685889
69,0.0687243
70,0.0688644
71,0.0690174
72,0.0691803
73,0.0693457
74,0.069512
75,0.0696748
76,0.0698303
77,0.0699753
78,0.070107
79,0.070232
80,0.0703569
81,0.0704825
82,0.0706111
83,0.0707392
84,0.0708592
85,0.0709781
86,0.0710965
87,0.071207
88,0.0713167
89,0.0714269
90,0.0715258
91,0.07161
92,0.0716936
93,0.0717915
94,0.0718943
95,0.0719855
96,0.0720723
97,0.0721648
98,0.0722505
99,0.0723396
100,0.0724407
101,0.0725345
102,0.0726213
103,0.072712
104,0.0728136
105,0.0729065
106,0.0729921
107,0.0730803
108,0.07318
109,0.0732802
110,0.0733616
111,0.0734421
112,0.0735273
113,0.0736119
114,0.0737062
115,0.0738227
116,0.0739272
117,0.0740205
118,0.0741164
119,0.0742154
120,0.0743149
121,0.0744023
122,0.0744887
123,0.0745749
124,0.0746609
125,0.0747519
126,0.0748367
127,0.0749129
128,0.075001
129,0.0751028
130,0.0752059
131,0.0753018
132,0.075389
133,0.0754722
134,0.0755576
135,0.0756351
136,0.0756966
137,0.0757764
138,0.0758662
139,0.0759506
140,0.0760314
141,0.0761166
142,0.076194
143,0.0762577
144,0.0763299
145,0.0764064
146,0.0764836
147,0.0765541
148,0.0766303
149,0.0767066
150,0.076769
151,0.0768235
152,0.0768791
153,0.0769471
154,0.0770186
155,0.0770971
156,0.0771807
157,0.0772442
158,0.0773024
159,0.0773741
160,0.0774539
161,0.0775324
162,0.0776037
163,0.077673
164,0.0777472
165,0.0778256
166,0.0779013
167,0.0779732
168,0.078044
169,0.0781144
170,0.0781757
171,0.078232
172,0.0782927
173,0.0783572
174,0.0784273
175,0.0784931
176,0.0785581
177,0.0786301
178,0.0787023
179,0.0787698
180,0.078824
181,0.0788687
182,0.0789137
183,0.0789638
184,0.0790239
185,0.0790876
186,0.0791554
187,0.0792308
188,0.0793038
189,0.0793643
190,0.0794185
191,0.0794776
192,0.0795452
193,0.0796182
194,0.0796741
195,0.0797102
196,0.0797419
197,0.0797735
198,0.0797998
199,0.0798163
