2,4.14168e-06
3,6.43863e-06
4,-9.90014e-06
5,-4.13093e-05
6,-7.1996e-05
7,-9.91644e-05
8,-8.03285e-05
9,6.77507e-05
10,0.000215781
11,0.00123347
12,0.0030807
13,0.00490033
14,0.00681623
15,0.00878499
16,0.0107682
17,0.0127507
18,0.014725
19,0.0166898
20,0.0186414
21,0.0205786
22,0.0225017
23,0.0244089
24,0.0263021
25,0.0281793
26,0.0300383
27,0.0318751
28,0.0336867
29,0.0354728
30,0.037229
31,0.0389529
32,0.0406426
33,0.0422936
34,0.0439017
35,0.0454654
36,0.0469838
37,0.0484563
38,0.0498802
39,0.051252
40,0.0525687
41,0.0538299
42,0.0550317
43,0.0561698
44,0.0572439
45,0.058254
46,0.0592025
47,0.0600962
48,0.0609381
49,0.0617228
50,0.0624514
51,0.0631315
52,0.0637578
53,0.0643323
54,0.0648613
55,0.0653449
56,0.0657869
57,0.0661913
58,0.0665653
59,0.0669163
60,0.0672549
61,0.067549
62,0.0677484
63,0.0678951
64,0.0680354
65,0.0681704
66,0.0683081
67,0.0684492
68,0.0685885
69,0.0687251
70,0.0688646
71,0.0690163
72,0.0691802
73,0.0693455
74,0.0695072
75,0.0696591
76,0.0698155
77,0.0699731
78,0.0701071
79,0.0702324
80,0.0703566
81,0.070483
82,0.070598
83,0.0707105
84,0.0708409
85,0.0709746
86,0.0710968
87,0.0712065
88,0.0713167
89,0.0714268
90,0.0715253
91,0.0716099
92,0.0716936
93,0.0717918
94,0.0718941
95,0.0719841
96,0.0720865
97,0.0721794
98,0.0722509
99,0.0723394
100,0.0724408
101,0.0725342
102,0.0726214
103,0.072712
104,0.0728138
105,0.0729069
106,0.0729922
107,0.0730801
108,0.0731801
109,0.0732802
110,0.0733616
111,0.0734423
112,0.0735271
113,0.073612
114,0.0737063
115,0.0738227
116,0.0739271
117,0.0740205
118,0.0741164
119,0.0742155
120,0.074315
121,0.0744023
122,0.0744887
123,0.0745749
124,0.0746608
125,0.074752
126,0.0748367
127,0.0749129
128,0.0750011
129,0.0751028
130,0.0752059
131,0.0753019
132,0.0753889
133,0.0754722
134,0.0755576
135,0.0756351
136,0.0756966
137,0.0757765
138,0.0758661
139,0.0759505
140,0.0760313
141,0.0761166
142,0.076194
143,0.0762576
144,0.0763299
145,0.0764064
146,0.0764836
147,0.0765542
148,0.0766303
149,0.0767065
150,0.076769
151,0.0768235
152,0.0768791
153,0.0769472
154,0.0770185
155,0.0770971
156,0.0771807
157,0.0772442
158,0.0773024
159,0.0773741
160,0.0774538
161,0.0775324
162,0.0776037
163,0.077673
164,0.0777473
165,0.0778255
166,0.0779013
167,0.0779732
168,0.078044
169,0.0781141
170,0.0781756
171,0.0782321
172,0.0782926
173,0.0783571
174,0.0784273
175,0.078493
176,0.0785581
177,0.0786302
178,0.0787023
179,0.0787699
180,0.078824
181,0.0788687
182,0.0789137
183,0.0789638
184,0.0790239
185,0.0790876
186,0.0791554
187,0.0792308
188,0.0793038
189,0.0793643
190,0.0794185
191,0.0794776
192,0.0795451
193,0.0796183
194,0.0796741
195,0.0797102
196,0.0797419
197,0.0797735
198,0.0797998
199,0.0798164
