2,0.000138754
3,0.000100284
4,-0.000158009
5,-0.00034991
6,-0.000387993
7,-0.0002906
8,-0.000260127
9,-5.20052e-05
10,0.000210076
11,0.000981405
12,0.00229409
13,0.00383503
14,0.00569055
15,0.00760571
16,0.00955591
17,0.0115224
18,0.013558
19,0.015672
20,0.0178864
21,0.0201829
22,0.0225311
23,0.0249009
24,0.0272567
25,0.0295325
26,0.0316706
27,0.0336888
28,0.0356444
29,0.0375728
30,0.0394721
31,0.0413274
32,0.0431357
33,0.0448919
34,0.0465958
35,0.0482498
36,0.0498422
37,0.051368
38,0.052835
39,0.0542412
40,0.0555869
41,0.0568747
42,0.0580966
43,0.0592495
44,0.0603375
45,0.0613611
46,0.0623173
47,0.063199
48,0.0639968
49,0.0647011
50,0.0653082
51,0.0658186
52,0.0662342
53,0.0665602
54,0.0668042
55,0.0669741
56,0.0670848
57,0.0671514
58,0.0671916
59,0.0672272
60,0.0672761
61,0.067352
62,0.0674592
63,0.0675945
64,0.0677538
65,0.0679273
66,0.0681104
67,0.0683008
68,0.0684947
69,0.0686901
70,0.0688822
71,0.069069
72,0.0692516
73,0.0694262
74,0.069589
75,0.0697401
76,0.0698814
77,0.0700144
78,0.070144
79,0.0702724
80,0.0703995
81,0.0705245
82,0.0706459
83,0.070762
84,0.0708745
85,0.0709826
86,0.071088
87,0.0711926
88,0.0712956
89,0.0714004
90,0.0715061
91,0.0716112
92,0.0717159
93,0.0718124
94,0.0719004
95,0.0719892
96,0.0720789
97,0.0721694
98,0.0722621
99,0.0723556
100,0.0724477
101,0.0725393
102,0.0726363
103,0.0727368
104,0.0728377
105,0.0729395
106,0.0730398
107,0.0731372
108,0.073231
109,0.0733199
110,0.0734055
111,0.0734884
112,0.0735634
113,0.0736438
114,0.0737466
115,0.0738567
116,0.0739603
117,0.0740586
118,0.0741536
119,0.0742482
120,0.0743401
121,0.0744294
122,0.074519
123,0.0746047
124,0.0746867
125,0.0747708
126,0.0748594
127,0.0749478
128,0.0750337
129,0.0751205
130,0.07521
131,0.0752979
132,0.0753794
133,0.0754639
134,0.0755554
135,0.0756328
136,0.075698
137,0.0757805
138,0.0758757
139,0.075967
140,0.0760555
141,0.076142
142,0.076226
143,0.0762908
144,0.0763423
145,0.076408
146,0.0764819
147,0.0765539
148,0.0766308
149,0.0767068
150,0.0767702
151,0.0768237
152,0.0768794
153,0.0769475
154,0.0770181
155,0.0770969
156,0.0771812
157,0.0772444
158,0.0773019
159,0.0773738
160,0.0774539
161,0.0775323
162,0.0776039
163,0.0776729
164,0.0777472
165,0.0778256
166,0.0779012
167,0.0779731
168,0.0780442
169,0.0781144
170,0.0781752
171,0.0782323
172,0.0782931
173,0.078357
174,0.0784272
175,0.0784932
176,0.0785582
177,0.0786299
178,0.0787023
179,0.07877
180,0.0788238
181,0.0788688
182,0.0789137
183,0.0789637
184,0.0790237
185,0.0790877
186,0.0791557
187,0.0792308
188,0.0793038
189,0.0793641
190,0.0794186
191,0.0794775
192,0.0795451
193,0.0796183
194,0.0796743
195,0.0797103
196,0.079742
197,0.0797739
198,0.0797994
199,0.0798163
