2,0.000243611
3,0.000301899
4,7.17439e-05
5,-5.13894e-05
6,-0.000102918
7,-7.49654e-05
8,-7.23559e-05
9,0.000116903
10,0.000390049
11,0.00119786
12,0.0025662
13,0.00418824
14,0.00607624
15,0.00801178
16,0.00998466
17,0.0119724
18,0.0140141
19,0.0161207
20,0.0183158
21,0.0205809
22,0.0228761
23,0.0251473
24,0.0273494
25,0.0294504
26,0.0314556
27,0.0334084
28,0.0353328
29,0.0372392
30,0.0391092
31,0.0409368
32,0.0427195
33,0.044453
34,0.0461367
35,0.0477617
36,0.0493286
37,0.0508429
38,0.0523175
39,0.0537565
40,0.055157
41,0.056509
42,0.0578041
43,0.0590336
44,0.0601902
45,0.0612645
46,0.062251
47,0.0631463
48,0.0639461
49,0.0646497
50,0.0652575
51,0.0657688
52,0.0661879
53,0.0665208
54,0.0667742
55,0.0669583
56,0.0670851
57,0.0671708
58,0.0672325
59,0.067287
60,0.0673472
61,0.0674241
62,0.0675249
63,0.0676504
64,0.0677972
65,0.0679601
66,0.068136
67,0.0683203
68,0.068509
69,0.0686983
70,0.0688846
71,0.0690672
72,0.069246
73,0.0694204
74,0.069585
75,0.069737
76,0.0698784
77,0.0700133
78,0.0701442
79,0.0702729
80,0.0704011
81,0.0705255
82,0.0706463
83,0.0707633
84,0.0708743
85,0.0709822
86,0.0710889
87,0.0711941
88,0.071299
89,0.0714036
90,0.0715079
91,0.0716126
92,0.071716
93,0.0718135
94,0.0719045
95,0.0719931
96,0.0720812
97,0.072171
98,0.0722627
99,0.0723538
100,0.072443
101,0.0725334
102,0.0726296
103,0.0727336
104,0.0728393
105,0.0729409
106,0.0730399
107,0.0731362
108,0.0732273
109,0.0733131
110,0.0733957
111,0.0734736
112,0.0735429
113,0.0736196
114,0.0737255
115,0.0738424
116,0.0739497
117,0.0740497
118,0.0741469
119,0.0742421
120,0.0743349
121,0.0744267
122,0.0745164
123,0.0746031
124,0.0746875
125,0.0747722
126,0.0748593
127,0.0749474
128,0.0750349
129,0.0751241
130,0.0752143
131,0.0753015
132,0.0753915
133,0.0754757
134,0.075557
135,0.0756347
136,0.0756975
137,0.0757775
138,0.0758758
139,0.0759676
140,0.0760563
141,0.0761406
142,0.0762043
143,0.0762598
144,0.0763304
145,0.0764078
146,0.0764824
147,0.0765541
148,0.0766303
149,0.0767066
150,0.076769
151,0.0768232
152,0.0768791
153,0.0769471
154,0.0770185
155,0.077097
156,0.0771812
157,0.0772441
158,0.0773024
159,0.0773743
160,0.0774538
161,0.0775325
162,0.0776036
163,0.0776732
164,0.0777472
165,0.0778253
166,0.0779014
167,0.0779732
168,0.078044
169,0.0781142
170,0.0781757
171,0.0782323
172,0.0782926
173,0.0783571
174,0.0784275
175,0.0784928
176,0.0785581
177,0.0786304
178,0.0787021
179,0.0787699
180,0.0788238
181,0.0788688
182,0.078914
183,0.0789636
184,0.0790239
185,0.0790875
186,0.0791555
187,0.0792308
188,0.0793038
189,0.0793642
190,0.0794186
191,0.0794775
192,0.0795451
193,0.0796182
194,0.079674
195,0.0797102
196,0.0797417
197,0.0797736
198,0.0797998
199,0.0798163
