2,0.00742207
3,0.0208573
4,0.0308546
5,0.0370273
6,0.0403096
7,0.0419832
8,0.0429833
9,0.0437587
10,0.0444489
11,0.0450837
12,0.0456703
13,0.0462126
14,0.0467154
15,0.0471853
16,0.0476275
17,0.0480459
18,0.0484437
19,0.0488237
20,0.0491865
21,0.0495319
22,0.0498613
23,0.0501779
24,0.0504849
25,0.0507823
26,0.051069
27,0.0513442
28,0.0516079
29,0.0518631
30,0.0521137
31,0.0523612
32,0.052607
33,0.0528515
34,0.0530831
35,0.0532973
36,0.0535059
37,0.0537138
38,0.0539175
39,0.0541156
40,0.0543081
41,0.054496
42,0.0546819
43,0.0548688
44,0.0550559
45,0.0552402
46,0.0554185
47,0.0555911
48,0.0557614
49,0.0559334
50,0.0561064
51,0.0562744
52,0.0564351
53,0.0565887
54,0.056737
55,0.0568836
56,0.0570294
57,0.0571735
58,0.057314
59,0.0574505
60,0.0575856
61,0.0577195
62,0.0578507
63,0.0579795
64,0.0581073
65,0.0582354
66,0.0583632
67,0.0584911
68,0.0586188
69,0.0587459
70,0.0588736
71,0.0590004
72,0.0591246
73,0.059246
74,0.0593648
75,0.0594776
76,0.0595816
77,0.0596814
78,0.0597823
79,0.0598843
80,0.0599871
81,0.06009
82,0.060193
83,0.060298
84,0.0604052
85,0.0605112
86,0.0606147
87,0.0607162
88,0.0608158
89,0.0609146
90,0.0610146
91,0.0611143
92,0.0612089
93,0.0612985
94,0.061386
95,0.0614726
96,0.0615597
97,0.0616465
98,0.0617331
99,0.0618196
100,0.061908
101,0.0619994
102,0.0620913
103,0.0621837
104,0.0622764
105,0.0623652
106,0.0624465
107,0.0625217
108,0.0625988
109,0.0626866
110,0.0627803
111,0.062869
112,0.0629494
113,0.0630236
114,0.0630939
115,0.0631648
116,0.0632404
117,0.0633194
118,0.0633993
119,0.0634793
120,0.0635597
121,0.0636375
122,0.0637099
123,0.0637814
124,0.0638534
125,0.0639246
126,0.0639955
127,0.0640687
128,0.0641463
129,0.064225
130,0.0642988
131,0.0643673
132,0.0644321
133,0.0644977
134,0.0645673
135,0.0646378
136,0.0647078
137,0.0647781
138,0.0648495
139,0.0649221
140,0.0649945
141,0.0650666
142,0.0651366
143,0.0652015
144,0.0652625
145,0.0653223
146,0.0653826
147,0.0654427
148,0.0655015
149,0.0655597
150,0.0656162
151,0.0656746
152,0.0657371
153,0.0657968
154,0.0658543
155,0.0659123
156,0.0659712
157,0.0660324
158,0.0660944
159,0.0661553
160,0.0662154
161,0.0662769
162,0.066339
163,0.0664006
164,0.0664628
165,0.0665265
166,0.0665927
167,0.0666581
168,0.0667184
169,0.0667733
170,0.0668254
171,0.0668774
172,0.0669296
173,0.0669841
174,0.0670405
175,0.0670969
176,0.0671536
177,0.0672096
178,0.0672626
179,0.0673122
180,0.0673615
181,0.0674083
182,0.0674519
183,0.0675046
184,0.0675677
185,0.067613
186,0.0676407
187,0.0676872
188,0.0677532
189,0.067815
190,0.0678698
191,0.0679236
192,0.0679787
193,0.0680308
194,0.0680758
195,0.0681146
196,0.0681532
197,0.0681983
198,0.0682535
199,0.0683148
200,0.068376
201,0.0684341
202,0.068489
203,0.0685412
204,0.0685903
205,0.0686372
206,0.0686848
207,0.0687309
208,0.0687759
209,0.0688221
210,0.0688649
211,0.0689013
212,0.0689375
213,0.0689779
214,0.069023
215,0.0690713
216,0.0691238
217,0.0691802
218,0.0692282
219,0.0692741
220,0.0693273
221,0.0693812
222,0.0694329
223,0.0694782
224,0.0695167
225,0.0695534
226,0.0695907
227,0.069633
228,0.0696831
229,0.0697404
230,0.0697936
231,0.0698386
232,0.0698805
233,0.0699205
234,0.0699609
235,0.0700016
236,0.070041
237,0.0700789
238,0.0701151
239,0.0701506
240,0.0701888
241,0.070232
242,0.0702771
243,0.0703218
244,0.0703654
245,0.0704074
246,0.0704489
247,0.0704894
248,0.0705263
249,0.0705589
250,0.0705912
251,0.0706268
252,0.0706663
253,0.0707088
254,0.0707522
255,0.0707912
256,0.0708255
257,0.0708609
258,0.0708949
259,0.0709281
260,0.0709649
261,0.0710063
262,0.0710507
263,0.0710972
264,0.0711439
265,0.0711872
266,0.0712263
267,0.0712657
268,0.0713096
269,0.0713541
270,0.071395
271,0.0714327
272,0.0714678
273,0.0715023
274,0.0715366
275,0.071568
276,0.0715951
277,0.0716233
278,0.0716588
279,0.0716972
280,0.0717377
281,0.07178
282,0.0718194
283,0.0718532
284,0.0718831
285,0.071915
286,0.0719452
287,0.0719778
288,0.0720185
289,0.0720596
290,0.0720974
291,0.0721306
292,0.0721631
293,0.0722041
294,0.0722498
295,0.0722918
296,0.0723305
297,0.072367
298,0.072402
299,0.0724355
300,0.0724669
301,0.0724976
302,0.0725271
303,0.0725543
304,0.0725862
305,0.0726224
306,0.0726579
307,0.072695
308,0.0727302
309,0.0727607
310,0.072791
311,0.0728247
312,0.0728618
313,0.0729009
314,0.0729402
315,0.072979
316,0.0730168
317,0.0730571
318,0.0730986
319,0.073136
320,0.0731696
321,0.0731989
322,0.0732246
323,0.07325
324,0.0732778
325,0.073307
326,0.0733365
327,0.0733658
328,0.0733951
329,0.0734249
330,0.0734531
331,0.0734837
332,0.073519
333,0.0735546
334,0.0735841
335,0.0736041
336,0.0736281
337,0.07367
338,0.0737165
339,0.0737542
340,0.0737874
341,0.0738195
342,0.0738503
343,0.0738812
344,0.0739139
345,0.0739439
346,0.0739674
347,0.0739877
348,0.0740103
349,0.074038
350,0.0740704
351,0.0741033
352,0.0741323
353,0.0741596
354,0.0741888
355,0.0742201
356,0.0742528
357,0.0742869
358,0.0743194
359,0.0743469
360,0.0743681
361,0.0743894
362,0.074418
363,0.0744534
364,0.0744903
365,0.074525
366,0.0745557
367,0.0745834
368,0.074609
369,0.0746319
370,0.0746535
371,0.0746799
372,0.0747153
373,0.0747527
374,0.0747875
375,0.0748182
376,0.074845
377,0.0748722
378,0.0749005
379,0.0749296
380,0.0749602
381,0.0749901
382,0.0750173
383,0.0750444
384,0.0750729
385,0.0750996
386,0.0751249
387,0.0751507
388,0.0751751
389,0.0751993
390,0.0752258
391,0.0752562
392,0.0752904
393,0.0753276
394,0.0753616
395,0.0753847
396,0.0754013
397,0.075421
398,0.0754458
399,0.0754739
400,0.0755039
401,0.075537
402,0.0755704
403,0.0755991
404,0.075619
405,0.075637
406,0.0756639
407,0.0756957
408,0.0757211
409,0.0757397
410,0.0757601
411,0.0757833
412,0.0758117
413,0.0758444
414,0.0758743
415,0.0758988
416,0.0759207
417,0.0759413
418,0.0759608
419,0.0759817
420,0.0760054
421,0.0760303
422,0.0760533
423,0.0760765
424,0.0761052
425,0.0761387
426,0.0761713
427,0.0762018
428,0.0762317
429,0.0762595
430,0.0762826
431,0.0763015
432,0.0763191
433,0.0763404
434,0.0763663
435,0.0763928
436,0.0764179
437,0.0764436
438,0.0764707
439,0.0764994
440,0.0765294
441,0.0765615
442,0.0765904
443,0.0766123
444,0.0766319
445,0.0766538
446,0.076683
447,0.0767187
448,0.0767553
449,0.0767892
450,0.0768174
451,0.0768382
452,0.0768552
453,0.0768699
454,0.0768834
455,0.0768998
456,0.0769178
457,0.0769326
458,0.0769466
459,0.0769634
460,0.0769841
461,0.0770112
462,0.0770424
463,0.0770733
464,0.0771058
465,0.0771432
466,0.0771804
467,0.0772108
468,0.0772348
469,0.0772566
470,0.0772764
471,0.0772938
472,0.0773102
473,0.0773274
474,0.0773466
475,0.0773666
476,0.0773901
477,0.0774193
478,0.07745
479,0.0774775
480,0.0775019
481,0.0775227
482,0.077538
483,0.0775512
484,0.0775689
485,0.0775927
486,0.0776178
487,0.077641
488,0.0776654
489,0.0776932
490,0.077724
491,0.077756
492,0.0777848
493,0.0778055
494,0.0778192
495,0.077827
496,0.0778308
497,0.0778368
498,0.0778504
499,0.0778744
500,0.0779091
501,0.0779495
502,0.0779888
503,0.0780223
504,0.0780501
505,0.0780722
506,0.0780894
507,0.0781046
508,0.0781179
509,0.078129
510,0.0781412
511,0.078157
512,0.0781752
513,0.0781892
514,0.0782059
515,0.0782316
516,0.0782568
517,0.0782977
518,0.0783472
519,0.0783569
520,0.0783579
521,0.078383
522,0.0784026
523,0.0784263
524,0.0784615
525,0.0784962
526,0.0785279
527,0.0785509
528,0.0785664
529,0.0785757
530,0.0785825
531,0.0785948
532,0.0786132
533,0.0786352
534,0.0786582
535,0.0786779
536,0.0786987
537,0.0787257
538,0.078756
539,0.078786
540,0.0788172
541,0.0788482
542,0.0788765
543,0.0788987
544,0.0789139
545,0.078925
546,0.0789398
547,0.0789628
548,0.078989
549,0.0790126
550,0.0790299
551,0.0790447
552,0.0790624
553,0.0790826
554,0.0791033
555,0.0791225
556,0.0791389
557,0.0791524
558,0.0791664
559,0.0791831
560,0.079204
561,0.0792285
562,0.0792533
563,0.079277
564,0.0793005
565,0.0793218
566,0.0793375
567,0.0793488
568,0.0793629
569,0.0793848
570,0.0794124
571,0.0794425
572,0.079473
573,0.079499
574,0.0795168
575,0.079527
576,0.0795329
577,0.0795414
578,0.0795614
579,0.0795896
580,0.0796178
581,0.0796431
582,0.0796655
583,0.0796823
584,0.0796937
585,0.0797036
586,0.0797178
587,0.0797406
588,0.0797684
589,0.0797947
590,0.0798174
591,0.0798342
592,0.0798467
593,0.0798589
594,0.0798766
595,0.0799004
596,0.079924
597,0.0799368
598,0.0799375
599,0.0799374
