2,0.00553086
3,0.0160232
4,0.024999
5,0.0319417
6,0.0368382
7,0.0400413
8,0.0420561
9,0.0433498
10,0.0442554
11,0.0449667
12,0.0455797
13,0.0461343
14,0.0466481
15,0.0471315
16,0.0475895
17,0.0480194
18,0.0484177
19,0.0487934
20,0.0491554
21,0.0495028
22,0.0498362
23,0.0501575
24,0.050467
25,0.0507654
26,0.0510537
27,0.0513314
28,0.0515995
29,0.0518602
30,0.0521146
31,0.0523635
32,0.052609
33,0.0528526
34,0.053085
35,0.0532987
36,0.053504
37,0.0537087
38,0.0539115
39,0.054111
40,0.0543037
41,0.0544926
42,0.0546806
43,0.0548686
44,0.055056
45,0.0552366
46,0.0554129
47,0.0555888
48,0.0557641
49,0.0559362
50,0.0561063
51,0.0562743
52,0.0564352
53,0.0565888
54,0.0567372
55,0.0568842
56,0.0570297
57,0.0571732
58,0.0573134
59,0.0574496
60,0.0575855
61,0.0577195
62,0.0578498
63,0.0579796
64,0.058109
65,0.0582374
66,0.0583666
67,0.0584967
68,0.058624
69,0.0587486
70,0.0588748
71,0.0590028
72,0.0591266
73,0.0592456
74,0.0593644
75,0.0594776
76,0.0595814
77,0.0596825
78,0.0597836
79,0.0598861
80,0.0599876
81,0.0600882
82,0.0601914
83,0.0602964
84,0.0604028
85,0.060508
86,0.060611
87,0.0607135
88,0.0608159
89,0.0609182
90,0.0610189
91,0.0611183
92,0.0612127
93,0.0612992
94,0.0613866
95,0.0614762
96,0.0615636
97,0.0616508
98,0.061737
99,0.0618251
100,0.0619155
101,0.0620046
102,0.0620939
103,0.0621844
104,0.0622724
105,0.0623572
106,0.0624392
107,0.062513
108,0.0625842
109,0.0626673
110,0.062758
111,0.0628442
112,0.0629264
113,0.063007
114,0.0630838
115,0.0631572
116,0.0632318
117,0.0633089
118,0.0633869
119,0.0634683
120,0.0635522
121,0.0636298
122,0.0636977
123,0.0637614
124,0.0638308
125,0.0639101
126,0.0639913
127,0.0640687
128,0.0641444
129,0.0642188
130,0.0642899
131,0.0643585
132,0.0644243
133,0.0644918
134,0.0645653
135,0.0646391
136,0.0647087
137,0.0647776
138,0.0648496
139,0.0649222
140,0.0649947
141,0.0650666
142,0.065135
143,0.0651991
144,0.0652608
145,0.0653199
146,0.0653807
147,0.0654442
148,0.065506
149,0.0655638
150,0.0656186
151,0.0656744
152,0.0657354
153,0.0657946
154,0.0658515
155,0.0659096
156,0.0659683
157,0.0660336
158,0.0660989
159,0.0661577
160,0.066215
161,0.0662755
162,0.0663377
163,0.0664033
164,0.0664682
165,0.0665312
166,0.0665959
167,0.0666595
168,0.0667194
169,0.0667757
170,0.0668286
171,0.0668801
172,0.0669333
173,0.0669877
174,0.0670429
175,0.0670976
176,0.0671519
177,0.0672077
178,0.0672606
179,0.067309
180,0.067357
181,0.0674039
182,0.0674501
183,0.0675049
184,0.0675679
185,0.0676128
186,0.0676406
187,0.0676873
188,0.067753
189,0.067812
190,0.0678663
191,0.0679229
192,0.0679759
193,0.0680248
194,0.0680715
195,0.0681133
196,0.0681526
197,0.0681997
198,0.0682556
199,0.0683154
200,0.0683747
201,0.0684309
202,0.068487
203,0.0685424
204,0.0685936
205,0.0686417
206,0.0686882
207,0.0687329
208,0.0687761
209,0.0688212
210,0.068864
211,0.0688984
212,0.0689358
213,0.0689796
214,0.0690246
215,0.0690714
216,0.0691236
217,0.0691802
218,0.0692278
219,0.0692736
220,0.0693278
221,0.0693803
222,0.069431
223,0.069478
224,0.0695173
225,0.0695534
226,0.069591
227,0.0696328
228,0.0696833
229,0.0697407
230,0.0697947
231,0.0698418
232,0.0698839
233,0.0699232
234,0.0699628
235,0.0700022
236,0.0700389
237,0.0700753
238,0.0701127
239,0.0701499
240,0.0701909
241,0.0702349
242,0.0702787
243,0.0703224
244,0.070365
245,0.0704072
246,0.0704479
247,0.0704882
248,0.0705256
249,0.0705601
250,0.0705937
251,0.0706278
252,0.0706652
253,0.0707082
254,0.070754
255,0.070792
256,0.0708237
257,0.0708589
258,0.0708949
259,0.0709316
260,0.070974
261,0.0710174
262,0.07106
263,0.0711016
264,0.0711444
265,0.071187
266,0.0712257
267,0.0712646
268,0.0713101
269,0.0713562
270,0.0713962
271,0.0714371
272,0.0714785
273,0.0715121
274,0.0715428
275,0.0715721
276,0.0715983
277,0.0716301
278,0.0716683
279,0.071703
280,0.0717389
281,0.0717806
282,0.0718207
283,0.0718537
284,0.0718828
285,0.0719145
286,0.0719449
287,0.071976
288,0.0720162
289,0.072058
290,0.0720926
291,0.072125
292,0.0721606
293,0.0722031
294,0.0722491
295,0.0722895
296,0.0723293
297,0.0723698
298,0.0724016
299,0.0724294
300,0.0724628
301,0.0724952
302,0.072521
303,0.0725494
304,0.0725857
305,0.0726222
306,0.0726571
307,0.0726929
308,0.0727246
309,0.072756
310,0.0727895
311,0.0728233
312,0.0728605
313,0.0728994
314,0.0729408
315,0.0729819
316,0.0730198
317,0.0730576
318,0.0730966
319,0.0731342
320,0.0731692
321,0.0731996
322,0.0732257
323,0.0732521
324,0.0732793
325,0.0733075
326,0.073336
327,0.0733642
328,0.073395
329,0.0734264
330,0.0734559
331,0.0734858
332,0.073517
333,0.0735511
334,0.0735839
335,0.0736039
336,0.0736202
337,0.0736553
338,0.0737051
339,0.0737482
340,0.0737823
341,0.0738146
342,0.0738453
343,0.0738763
344,0.0739098
345,0.073941
346,0.0739676
347,0.0739932
348,0.0740173
349,0.0740442
350,0.0740749
351,0.0741042
352,0.0741321
353,0.074162
354,0.0741934
355,0.0742255
356,0.0742574
357,0.0742876
358,0.0743161
359,0.0743422
360,0.0743676
361,0.0743939
362,0.0744221
363,0.0744569
364,0.0744946
365,0.0745277
366,0.0745574
367,0.0745853
368,0.0746092
369,0.0746303
370,0.0746548
371,0.0746846
372,0.0747196
373,0.074755
374,0.0747859
375,0.0748147
376,0.0748426
377,0.0748704
378,0.0748986
379,0.0749283
380,0.0749585
381,0.0749887
382,0.0750188
383,0.0750471
384,0.0750748
385,0.0751019
386,0.0751281
387,0.0751538
388,0.0751792
389,0.075205
390,0.0752303
391,0.075258
392,0.0752904
393,0.075326
394,0.0753582
395,0.0753822
396,0.0754013
397,0.0754215
398,0.0754468
399,0.0754752
400,0.075505
401,0.0755384
402,0.0755687
403,0.0755943
404,0.0756166
405,0.0756353
406,0.0756624
407,0.0756958
408,0.0757211
409,0.0757399
410,0.0757598
411,0.0757824
412,0.0758103
413,0.0758434
414,0.0758735
415,0.0758976
416,0.0759194
417,0.0759419
418,0.0759635
419,0.0759848
420,0.0760078
421,0.0760312
422,0.0760543
423,0.0760768
424,0.0761049
425,0.0761414
426,0.0761752
427,0.0762035
428,0.0762308
429,0.0762583
430,0.0762828
431,0.0763017
432,0.0763222
433,0.0763453
434,0.0763688
435,0.0763927
436,0.0764161
437,0.0764414
438,0.0764695
439,0.076499
440,0.0765312
441,0.0765658
442,0.0765943
443,0.0766149
444,0.0766346
445,0.0766569
446,0.0766836
447,0.0767152
448,0.0767498
449,0.0767848
450,0.0768143
451,0.0768366
452,0.0768553
453,0.0768696
454,0.0768813
455,0.0768973
456,0.0769173
457,0.076935
458,0.0769493
459,0.076967
460,0.07699
461,0.0770165
462,0.077045
463,0.077073
464,0.0771045
465,0.0771429
466,0.0771809
467,0.0772111
468,0.0772353
469,0.0772572
470,0.0772766
471,0.0772936
472,0.0773099
473,0.0773276
474,0.0773466
475,0.0773673
476,0.0773924
477,0.0774223
478,0.0774524
479,0.0774785
480,0.0775004
481,0.0775186
482,0.0775333
483,0.0775463
484,0.0775628
485,0.0775869
486,0.0776137
487,0.0776396
488,0.0776648
489,0.0776914
490,0.0777223
491,0.0777549
492,0.077784
493,0.0778053
494,0.0778196
495,0.0778287
496,0.0778297
497,0.0778317
498,0.0778478
499,0.0778742
500,0.0779087
501,0.0779479
502,0.0779862
503,0.0780213
504,0.0780498
505,0.0780706
506,0.0780878
507,0.0781046
508,0.0781194
509,0.0781341
510,0.0781451
511,0.0781571
512,0.0781753
513,0.0781895
514,0.0782055
515,0.0782317
516,0.0782565
517,0.0782986
518,0.0783503
519,0.078357
520,0.0783574
521,0.0783834
522,0.0784024
523,0.0784272
524,0.0784634
525,0.0784963
526,0.0785254
527,0.0785482
528,0.0785628
529,0.0785733
530,0.0785844
531,0.078598
532,0.0786158
533,0.0786365
534,0.078657
535,0.0786772
536,0.0787012
537,0.0787297
538,0.0787587
539,0.0787872
540,0.0788172
541,0.0788468
542,0.0788736
543,0.0788973
544,0.0789162
545,0.078928
546,0.0789408
547,0.0789631
548,0.0789895
549,0.0790126
550,0.0790297
551,0.0790463
552,0.0790661
553,0.0790863
554,0.0791058
555,0.0791241
556,0.0791408
557,0.0791559
558,0.0791704
559,0.079187
560,0.0792064
561,0.0792282
562,0.0792511
563,0.079275
564,0.0792989
565,0.0793202
566,0.0793372
567,0.0793515
568,0.0793669
569,0.0793887
570,0.0794142
571,0.0794415
572,0.0794724
573,0.0794999
574,0.079516
575,0.0795264
576,0.0795329
577,0.0795411
578,0.079574
579,0.079614
580,0.0796302
581,0.0796435
582,0.0796654
583,0.0796826
584,0.0796932
585,0.079704
586,0.0797191
587,0.0797418
588,0.0797703
589,0.0797971
590,0.0798184
591,0.0798349
592,0.0798477
593,0.0798599
594,0.0798765
595,0.079901
596,0.0799268
597,0.0799375
598,0.0799375
599,0.0799375
