2,0.0046423
3,0.0135973
4,0.021648
5,0.028405
6,0.033719
7,0.0376591
8,0.0404499
9,0.0423757
10,0.04371
11,0.0446734
12,0.0454168
13,0.0460335
14,0.0465784
15,0.0470804
16,0.0475593
17,0.0480066
18,0.0484032
19,0.0487712
20,0.0491315
21,0.0494811
22,0.0498167
23,0.0501375
24,0.0504459
25,0.0507445
26,0.0510358
27,0.0513187
28,0.0515922
29,0.0518578
30,0.0521151
31,0.0523645
32,0.0526099
33,0.0528531
34,0.0530854
35,0.0532988
36,0.0535035
37,0.0537074
38,0.0539096
39,0.0541097
40,0.0543039
41,0.0544902
42,0.0546764
43,0.0548674
44,0.0550559
45,0.0552358
46,0.0554126
47,0.0555896
48,0.0557639
49,0.0559353
50,0.0561061
51,0.0562744
52,0.0564352
53,0.0565888
54,0.0567372
55,0.0568842
56,0.0570297
57,0.0571732
58,0.0573134
59,0.0574497
60,0.0575858
61,0.0577196
62,0.0578503
63,0.0579799
64,0.0581091
65,0.0582381
66,0.0583673
67,0.0584967
68,0.0586239
69,0.0587487
70,0.0588749
71,0.0590022
72,0.0591244
73,0.0592454
74,0.0593649
75,0.0594778
76,0.0595815
77,0.0596812
78,0.0597843
79,0.0598866
80,0.059988
81,0.0600902
82,0.0601926
83,0.0602968
84,0.0604036
85,0.060508
86,0.0606099
87,0.0607144
88,0.0608201
89,0.0609224
90,0.0610214
91,0.0611188
92,0.0612136
93,0.0612977
94,0.0613799
95,0.0614716
96,0.0615658
97,0.0616589
98,0.0617509
99,0.0618425
100,0.0619315
101,0.0620191
102,0.0621051
103,0.0621895
104,0.0622741
105,0.0623581
106,0.0624389
107,0.0625142
108,0.0625904
109,0.0626696
110,0.0627501
111,0.0628327
112,0.0629157
113,0.0629979
114,0.0630763
115,0.0631502
116,0.0632179
117,0.0632801
118,0.0633415
119,0.0634075
120,0.063483
121,0.063564
122,0.0636478
123,0.0637322
124,0.0638147
125,0.063898
126,0.0639846
127,0.0640683
128,0.0641449
129,0.0642187
130,0.0642895
131,0.0643568
132,0.0644276
133,0.0645018
134,0.0645732
135,0.0646409
136,0.0647087
137,0.0647778
138,0.0648494
139,0.0649226
140,0.0649942
141,0.0650616
142,0.0651275
143,0.0651955
144,0.0652602
145,0.0653198
146,0.0653797
147,0.0654411
148,0.0655019
149,0.0655618
150,0.0656171
151,0.0656724
152,0.0657293
153,0.0657874
154,0.0658507
155,0.06591
156,0.0659684
157,0.0660336
158,0.0660989
159,0.0661582
160,0.066215
161,0.0662755
162,0.0663377
163,0.0664033
164,0.066469
165,0.0665312
166,0.0665959
167,0.0666609
168,0.0667213
169,0.066778
170,0.0668301
171,0.0668805
172,0.0669326
173,0.0669858
174,0.0670408
175,0.0670966
176,0.06715
177,0.0672043
178,0.0672586
179,0.0673087
180,0.0673568
181,0.0674039
182,0.0674501
183,0.0675039
184,0.0675668
185,0.0676132
186,0.0676406
187,0.0676872
188,0.067753
189,0.067811
190,0.0678664
191,0.0679236
192,0.0679762
193,0.068025
194,0.0680714
195,0.0681133
196,0.0681524
197,0.0681996
198,0.068255
199,0.0683153
200,0.0683756
201,0.0684305
202,0.0684866
203,0.0685426
204,0.0685945
205,0.0686418
206,0.0686854
207,0.0687305
208,0.0687758
209,0.0688217
210,0.0688647
211,0.0688994
212,0.0689361
213,0.0689793
214,0.0690246
215,0.0690713
216,0.0691238
217,0.0691801
218,0.0692283
219,0.069274
220,0.0693278
221,0.0693803
222,0.0694309
223,0.0694785
224,0.0695179
225,0.0695552
226,0.0695909
227,0.0696327
228,0.0696842
229,0.0697404
230,0.0697959
231,0.069843
232,0.0698843
233,0.0699229
234,0.069963
235,0.0700033
236,0.0700397
237,0.0700747
238,0.0701123
239,0.0701516
240,0.0701916
241,0.0702355
242,0.0702806
243,0.0703243
244,0.070364
245,0.0704036
246,0.0704471
247,0.0704877
248,0.0705249
249,0.0705609
250,0.0705946
251,0.070628
252,0.0706656
253,0.0707081
254,0.0707524
255,0.0707914
256,0.0708238
257,0.0708588
258,0.070895
259,0.0709327
260,0.0709741
261,0.0710173
262,0.0710594
263,0.0711012
264,0.0711449
265,0.0711878
266,0.0712268
267,0.071265
268,0.0713105
269,0.0713563
270,0.0713958
271,0.071437
272,0.0714784
273,0.0715137
274,0.0715453
275,0.0715731
276,0.0715981
277,0.0716323
278,0.0716723
279,0.071707
280,0.0717424
281,0.0717815
282,0.0718197
283,0.0718534
284,0.0718828
285,0.0719144
286,0.0719445
287,0.0719761
288,0.0720164
289,0.0720572
290,0.0720925
291,0.0721252
292,0.0721602
293,0.0722031
294,0.0722487
295,0.0722881
296,0.0723282
297,0.0723688
298,0.072401
299,0.0724293
300,0.0724625
301,0.0724954
302,0.0725212
303,0.0725494
304,0.0725857
305,0.0726223
306,0.0726576
307,0.0726936
308,0.0727246
309,0.0727557
310,0.0727892
311,0.0728231
312,0.0728611
313,0.072899
314,0.0729409
315,0.0729852
316,0.0730212
317,0.0730576
318,0.0730966
319,0.0731325
320,0.0731668
321,0.0731987
322,0.0732274
323,0.0732551
324,0.0732823
325,0.0733094
326,0.0733362
327,0.0733636
328,0.073395
329,0.0734271
330,0.0734557
331,0.0734836
332,0.0735147
333,0.0735469
334,0.0735778
335,0.0736038
336,0.0736132
337,0.0736324
338,0.0736914
339,0.073747
340,0.0737813
341,0.0738132
342,0.0738438
343,0.0738755
344,0.0739095
345,0.0739413
346,0.0739672
347,0.073991
348,0.0740155
349,0.074043
350,0.0740742
351,0.0741038
352,0.074131
353,0.0741608
354,0.074193
355,0.0742266
356,0.0742588
357,0.0742875
358,0.0743158
359,0.0743425
360,0.0743684
361,0.0743941
362,0.0744235
363,0.07446
364,0.0744972
365,0.0745288
366,0.0745566
367,0.0745838
368,0.0746088
369,0.0746288
370,0.0746501
371,0.0746803
372,0.0747157
373,0.0747508
374,0.0747838
375,0.0748126
376,0.0748409
377,0.0748699
378,0.0748982
379,0.0749269
380,0.0749573
381,0.0749893
382,0.0750198
383,0.0750479
384,0.0750753
385,0.0751023
386,0.0751289
387,0.0751551
388,0.0751807
389,0.0752063
390,0.0752322
391,0.0752595
392,0.0752904
393,0.0753248
394,0.0753575
395,0.075382
396,0.0754005
397,0.0754216
398,0.0754468
399,0.0754736
400,0.0755027
401,0.0755344
402,0.0755634
403,0.0755943
404,0.0756172
405,0.0756352
406,0.0756641
407,0.0756959
408,0.0757212
409,0.0757396
410,0.07576
411,0.0757822
412,0.07581
413,0.0758431
414,0.0758716
415,0.0758964
416,0.0759195
417,0.0759419
418,0.0759646
419,0.0759863
420,0.0760079
421,0.0760307
422,0.0760541
423,0.0760765
424,0.0761046
425,0.0761409
426,0.076175
427,0.0762051
428,0.0762313
429,0.0762578
430,0.0762818
431,0.0763004
432,0.0763214
433,0.0763453
434,0.0763691
435,0.0763934
436,0.0764174
437,0.076444
438,0.0764745
439,0.0765034
440,0.0765327
441,0.076565
442,0.0765931
443,0.0766144
444,0.0766344
445,0.076657
446,0.0766837
447,0.0767158
448,0.0767485
449,0.0767797
450,0.0768099
451,0.0768361
452,0.0768559
453,0.0768679
454,0.0768746
455,0.0768895
456,0.076914
457,0.0769342
458,0.07695
459,0.0769682
460,0.0769897
461,0.0770146
462,0.0770434
463,0.0770729
464,0.077104
465,0.0771427
466,0.0771811
467,0.0772108
468,0.0772353
469,0.0772568
470,0.0772768
471,0.0772939
472,0.0773093
473,0.0773279
474,0.0773491
475,0.0773686
476,0.0773917
477,0.0774221
478,0.0774526
479,0.0774779
480,0.0774993
481,0.0775169
482,0.0775305
483,0.0775437
484,0.0775624
485,0.0775866
486,0.077612
487,0.0776379
488,0.0776642
489,0.07769
490,0.0777211
491,0.0777554
492,0.077785
493,0.0778053
494,0.0778196
495,0.0778288
496,0.0778295
497,0.0778325
498,0.0778477
499,0.0778729
500,0.0779078
501,0.0779481
502,0.0779864
503,0.0780212
504,0.0780498
505,0.0780703
506,0.0780876
507,0.0781046
508,0.0781196
509,0.0781342
510,0.0781452
511,0.078157
512,0.0781752
513,0.0781896
514,0.0782048
515,0.0782326
516,0.0782551
517,0.0782988
518,0.0783561
519,0.0783573
520,0.0783572
521,0.0783844
522,0.0784019
523,0.0784273
524,0.0784635
525,0.0784974
526,0.0785255
527,0.0785472
528,0.0785626
529,0.0785748
530,0.0785864
531,0.0785995
532,0.0786159
533,0.0786351
534,0.0786553
535,0.0786759
536,0.0787016
537,0.0787309
538,0.0787589
539,0.0787873
540,0.0788176
541,0.0788468
542,0.0788735
543,0.0788973
544,0.0789164
545,0.0789279
546,0.0789403
547,0.0789631
548,0.0789901
549,0.0790124
550,0.079029
551,0.0790459
552,0.0790659
553,0.0790871
554,0.0791071
555,0.079126
556,0.079143
557,0.0791571
558,0.079171
559,0.0791871
560,0.0792072
561,0.0792284
562,0.0792504
563,0.0792741
564,0.079296
565,0.0793168
566,0.0793378
567,0.079354
568,0.0793698
569,0.0793919
570,0.079418
571,0.0794442
572,0.0794718
573,0.0794967
574,0.0795134
575,0.0795259
576,0.0795329
577,0.0795411
578,0.0795741
579,0.0796146
580,0.0796303
581,0.0796429
582,0.0796658
583,0.0796825
584,0.0796934
585,0.0797035
586,0.0797186
587,0.0797419
588,0.0797703
589,0.0797959
590,0.0798165
591,0.0798348
592,0.0798482
593,0.0798577
594,0.0798738
595,0.0798999
596,0.0799275
597,0.0799375
598,0.0799375
599,0.0799375
