2,0.00374759
3,0.0110648
4,0.0178414
5,0.0238976
6,0.0291814
7,0.0335551
8,0.037038
9,0.0397743
10,0.0418713
11,0.0434441
12,0.0446263
13,0.0455425
14,0.0462811
15,0.0469008
16,0.0474348
17,0.0479063
18,0.0483376
19,0.0487327
20,0.0490964
21,0.0494414
22,0.0497748
23,0.0500984
24,0.0504113
25,0.050714
26,0.0510075
27,0.0512929
28,0.05157
29,0.0518384
30,0.0521002
31,0.0523554
32,0.0526034
33,0.0528429
34,0.0530725
35,0.053292
36,0.0535024
37,0.0537071
38,0.053909
39,0.0541069
40,0.0543002
41,0.0544903
42,0.0546789
43,0.0548665
44,0.0550515
45,0.0552331
46,0.0554115
47,0.0555877
48,0.055763
49,0.0559355
50,0.056104
51,0.0562679
52,0.0564251
53,0.056579
54,0.0567332
55,0.0568834
56,0.0570278
57,0.0571693
58,0.0573083
59,0.0574452
60,0.0575819
61,0.0577168
62,0.0578484
63,0.0579784
64,0.0581086
65,0.0582383
66,0.058367
67,0.0584953
68,0.0586225
69,0.0587478
70,0.0588729
71,0.0589985
72,0.0591217
73,0.0592412
74,0.0593602
75,0.0594761
76,0.0595831
77,0.0596833
78,0.0597833
79,0.0598859
80,0.0599886
81,0.0600912
82,0.0601956
83,0.0603002
84,0.0604017
85,0.0605021
86,0.0606052
87,0.0607113
88,0.0608167
89,0.0609201
90,0.0610206
91,0.0611152
92,0.061203
93,0.0612964
94,0.0613905
95,0.0614779
96,0.0615674
97,0.0616582
98,0.061751
99,0.0618451
100,0.0619359
101,0.0620246
102,0.0621117
103,0.0621948
104,0.0622761
105,0.0623537
106,0.0624318
107,0.0625105
108,0.0625819
109,0.0626476
110,0.0627153
111,0.0627853
112,0.0628555
113,0.0629284
114,0.0630044
115,0.0630794
116,0.0631493
117,0.0632157
118,0.0632826
119,0.0633548
120,0.0634375
121,0.0635285
122,0.0636222
123,0.0637179
124,0.0638108
125,0.0638959
126,0.0639815
127,0.0640679
128,0.064146
129,0.0642189
130,0.0642898
131,0.0643582
132,0.0644278
133,0.0645004
134,0.0645732
135,0.0646459
136,0.0647176
137,0.0647859
138,0.0648527
139,0.0649215
140,0.0649925
141,0.0650637
142,0.0651315
143,0.0651914
144,0.0652502
145,0.0653138
146,0.065375
147,0.0654353
148,0.0654993
149,0.0655618
150,0.0656179
151,0.0656729
152,0.0657297
153,0.0657877
154,0.0658501
155,0.0659098
156,0.0659684
157,0.0660336
158,0.066099
159,0.0661582
160,0.066215
161,0.0662755
162,0.0663389
163,0.0664044
164,0.0664691
165,0.0665324
166,0.0665964
167,0.0666599
168,0.0667194
169,0.0667749
170,0.0668297
171,0.0668813
172,0.0669326
173,0.0669843
174,0.0670405
175,0.0670974
176,0.0671501
177,0.0672054
178,0.0672589
179,0.0673086
180,0.0673565
181,0.067404
182,0.0674504
183,0.0675049
184,0.0675685
185,0.0676132
186,0.0676405
187,0.0676872
188,0.0677527
189,0.067811
190,0.0678663
191,0.0679237
192,0.0679762
193,0.0680249
194,0.0680714
195,0.0681133
196,0.0681525
197,0.0681997
198,0.0682577
199,0.0683143
200,0.0683746
201,0.0684329
202,0.068487
203,0.0685426
204,0.0685947
205,0.0686427
206,0.0686864
207,0.0687311
208,0.0687765
209,0.0688214
210,0.0688626
211,0.0688994
212,0.0689355
213,0.0689775
214,0.0690244
215,0.0690716
216,0.0691236
217,0.0691802
218,0.0692274
219,0.0692733
220,0.0693282
221,0.0693799
222,0.0694309
223,0.0694785
224,0.0695178
225,0.0695557
226,0.069591
227,0.0696327
228,0.0696847
229,0.0697404
230,0.0697953
231,0.069843
232,0.0698847
233,0.0699228
234,0.0699619
235,0.0700024
236,0.0700399
237,0.0700748
238,0.0701122
239,0.0701513
240,0.0701913
241,0.070236
242,0.0702806
243,0.0703247
244,0.0703657
245,0.0704041
246,0.0704471
247,0.0704876
248,0.0705245
249,0.070561
250,0.0705952
251,0.0706294
252,0.0706664
253,0.0707078
254,0.0707517
255,0.0707904
256,0.0708237
257,0.0708586
258,0.070895
259,0.0709338
260,0.0709727
261,0.0710087
262,0.0710534
263,0.0711019
264,0.0711451
265,0.0711875
266,0.0712267
267,0.0712655
268,0.0713098
269,0.071355
270,0.0713903
271,0.0714355
272,0.0714823
273,0.0715118
274,0.0715433
275,0.0715747
276,0.0715965
277,0.0716279
278,0.0716715
279,0.0717063
280,0.0717426
281,0.0717807
282,0.0718204
283,0.0718571
284,0.0718863
285,0.0719176
286,0.0719448
287,0.0719755
288,0.0720169
289,0.0720585
290,0.0720937
291,0.072126
292,0.0721614
293,0.0722029
294,0.072246
295,0.0722869
296,0.0723282
297,0.0723672
298,0.0723977
299,0.0724251
300,0.0724588
301,0.0724922
302,0.0725171
303,0.0725456
304,0.0725828
305,0.0726212
306,0.0726592
307,0.0726937
308,0.0727246
309,0.0727561
310,0.0727891
311,0.0728233
312,0.0728604
313,0.0728989
314,0.0729405
315,0.0729852
316,0.0730252
317,0.073061
318,0.0730971
319,0.0731319
320,0.0731637
321,0.0731973
322,0.0732307
323,0.0732598
324,0.0732858
325,0.0733099
326,0.0733336
327,0.0733601
328,0.0733939
329,0.073429
330,0.0734559
331,0.0734842
332,0.0735141
333,0.0735477
334,0.0735781
335,0.073607
336,0.0736102
337,0.0736238
338,0.0736915
339,0.0737462
340,0.0737807
341,0.0738146
342,0.0738449
343,0.0738745
344,0.0739102
345,0.0739429
346,0.0739669
347,0.0739909
348,0.0740175
349,0.0740447
350,0.0740743
351,0.0741043
352,0.0741319
353,0.0741621
354,0.0741934
355,0.0742263
356,0.0742587
357,0.0742873
358,0.0743156
359,0.0743426
360,0.0743684
361,0.0743977
362,0.0744298
363,0.0744629
364,0.0744972
365,0.0745292
366,0.0745567
367,0.0745831
368,0.0746071
369,0.0746265
370,0.0746491
371,0.07468
372,0.0747159
373,0.0747508
374,0.0747814
375,0.0748095
376,0.0748395
377,0.0748696
378,0.0748983
379,0.0749274
380,0.0749582
381,0.0749904
382,0.0750209
383,0.0750483
384,0.075075
385,0.0751015
386,0.0751276
387,0.0751532
388,0.0751791
389,0.0752052
390,0.075232
391,0.0752591
392,0.0752885
393,0.0753237
394,0.0753576
395,0.075382
396,0.0754015
397,0.0754227
398,0.0754462
399,0.0754723
400,0.0755028
401,0.0755355
402,0.0755637
403,0.0755943
404,0.0756172
405,0.0756352
406,0.075665
407,0.0756957
408,0.0757212
409,0.0757399
410,0.0757599
411,0.0757823
412,0.0758101
413,0.0758435
414,0.0758716
415,0.0758966
416,0.0759197
417,0.0759421
418,0.0759654
419,0.0759871
420,0.0760088
421,0.0760316
422,0.0760547
423,0.0760775
424,0.076105
425,0.0761408
426,0.0761753
427,0.0762045
428,0.0762306
429,0.0762557
430,0.0762787
431,0.0762995
432,0.076322
433,0.0763453
434,0.0763687
435,0.0763937
436,0.0764196
437,0.0764482
438,0.0764801
439,0.0765092
440,0.0765364
441,0.0765664
442,0.0765935
443,0.0766145
444,0.0766344
445,0.076656
446,0.0766835
447,0.0767163
448,0.0767497
449,0.0767823
450,0.0768127
451,0.0768378
452,0.0768568
453,0.076868
454,0.0768742
455,0.0768877
456,0.0769105
457,0.076934
458,0.0769545
459,0.0769737
460,0.0769921
461,0.0770129
462,0.0770379
463,0.0770658
464,0.077101
465,0.0771426
466,0.0771804
467,0.0772105
468,0.0772354
469,0.0772572
470,0.077276
471,0.0772928
472,0.0773074
473,0.0773258
474,0.0773491
475,0.0773664
476,0.0773878
477,0.0774217
478,0.0774522
479,0.0774775
480,0.0775009
481,0.0775157
482,0.0775273
483,0.077543
484,0.0775631
485,0.0775867
486,0.0776129
487,0.0776394
488,0.077665
489,0.0776912
490,0.0777217
491,0.0777553
492,0.0777841
493,0.0778054
494,0.0778193
495,0.0778267
496,0.0778286
497,0.0778315
498,0.0778466
499,0.0778725
500,0.077907
501,0.0779478
502,0.0779861
503,0.0780212
504,0.0780493
505,0.0780706
506,0.078087
507,0.0781049
508,0.078119
509,0.0781344
510,0.0781452
511,0.0781571
512,0.0781754
513,0.0781896
514,0.078205
515,0.0782327
516,0.0782551
517,0.0782963
518,0.078357
519,0.0783572
520,0.0783571
521,0.0783844
522,0.0784019
523,0.0784274
524,0.0784636
525,0.0784977
526,0.0785255
527,0.0785471
528,0.0785626
529,0.0785749
530,0.0785864
531,0.0785996
532,0.0786157
533,0.0786349
534,0.0786555
535,0.0786771
536,0.0787018
537,0.0787298
538,0.0787581
539,0.0787867
540,0.0788168
541,0.078846
542,0.0788721
543,0.0788949
544,0.0789146
545,0.0789288
546,0.0789409
547,0.0789608
548,0.0789871
549,0.079011
550,0.0790292
551,0.0790466
552,0.0790667
553,0.0790868
554,0.0791076
555,0.0791276
556,0.0791431
557,0.0791564
558,0.079171
559,0.0791883
560,0.0792092
561,0.0792311
562,0.0792519
563,0.0792732
564,0.0792953
565,0.0793185
566,0.07934
567,0.0793556
568,0.0793703
569,0.0793917
570,0.0794175
571,0.0794439
572,0.0794717
573,0.0794971
574,0.0795135
575,0.0795259
576,0.0795328
577,0.0795412
578,0.0795738
579,0.0796136
580,0.0796302
581,0.0796429
582,0.0796655
583,0.0796826
584,0.0796937
585,0.0797037
586,0.079717
587,0.0797413
588,0.0797705
589,0.0797949
590,0.0798163
591,0.079835
592,0.0798481
593,0.0798578
594,0.0798738
595,0.0799
596,0.0799275
597,0.0799375
598,0.0799375
599,0.0799375
