2,0.874281
3,0.668112
4,0.540448
5,0.446382
6,0.349434
7,0.266238
8,0.198038
9,0.145249
10,0.105374
11,0.0761056
12,0.0548036
13,0.0399769
14,0.0318692
15,0.0280281
16,0.0253866
17,0.0234904
18,0.0215474
19,0.0200836
20,0.0184791
21,0.0174352
22,0.0161589
23,0.0152621
24,0.0140543
25,0.013229
26,0.0119707
27,0.0113557
28,0.0102374
29,0.0098584
30,0.00908331
31,0.00865423
32,0.00795087
33,0.00758475
34,0.00697701
35,0.00664286
36,0.00623556
37,0.00586049
38,0.00556417
39,0.00521599
40,0.00484833
41,0.00448749
42,0.00422157
43,0.00394077
44,0.0037581
45,0.00346982
46,0.0032804
47,0.0030772
48,0.00295046
49,0.00288264
50,0.00285385
51,0.00288826
52,0.00285956
53,0.00281664
54,0.00273166
55,0.00263939
56,0.00254829
57,0.00244538
58,0.002356
59,0.00225264
60,0.00216958
61,0.0020802
62,0.00200416
63,0.00192311
64,0.00184937
65,0.0017741
66,0.00170282
67,0.00155391
68,0.00120394
69,0.000818399
70,0.000779853
71,0.00104087
72,0.00125144
73,0.00133581
74,0.00132939
75,0.00127547
76,0.00118412
77,0.00109604
78,0.00102721
79,0.00100535
80,0.000997964
81,0.00100409
82,0.00100501
83,0.00101895
84,0.00100834
85,0.00100512
86,0.000985122
87,0.000973543
88,0.000841441
89,0.000248536
90,0.000663065
91,0.00087866
92,0.000942676
93,0.000944453
94,0.000954738
95,0.000958854
96,0.000963847
97,0.000952277
98,0.000945882
99,0.000935558
100,0.000950014
101,0.000937374
102,0.000952277
103,0.000907659
104,0.000539095
105,0.000685254
106,0.000807961
107,0.00106102
108,0.00119983
109,0.00132148
110,0.00145556
111,0.00158701
112,0.00169116
113,0.00179018
114,0.00187468
115,0.00199657
116,0.00214425
117,0.00224728
118,0.00230436
119,0.00230378
120,0.00223505
121,0.00205819
122,0.00180626
123,0.0015636
124,0.00136195
125,0.00118648
126,0.00102363
127,0.000934329
128,0.000912577
129,0.000907849
130,0.00091036
131,0.000910802
132,0.000916309
133,0.000904829
134,0.000899018
135,0.00089374
136,0.000145286
137,0.000652959
138,0.000895845
139,0.000890067
140,0.000906881
141,0.000912016
142,0.000286156
143,0.000723086
144,0.00088285
145,0.000886507
146,0.0008837
147,0.000883051
148,0.000881478
149,0.000879379
150,0.000889196
151,0.000911266
152,0.000935034
153,0.000956794
154,0.000947169
155,0.000954412
156,0.000965198
157,0.000934226
158,0.000910001
159,0.000909527
160,0.000919558
161,0.000910895
162,0.000893218
163,0.000874343
164,0.000868505
165,0.000873998
166,0.000889711
167,0.00091255
168,0.000928744
169,0.000919777
170,0.000300505
171,0.000659624
172,0.000882114
173,0.000867392
174,0.000877406
175,0.000867411
176,0.000875708
177,0.000861249
178,0.00016809
179,0.000627995
180,0.000854196
181,0.00086284
182,0.000880511
183,0.000873566
184,0.000853912
185,0.00086311
186,0.000992501
187,0.00103211
188,0.000930879
189,0.000891432
190,0.000878139
191,0.000856523
192,0.000858357
193,0.000858183
194,0.000876562
195,0.000904355
196,0.000973309
197,0.000979077
198,0.000364757
199,0.000794579
200,0.0008711
201,0.000874639
202,0.000879819
203,0.000901952
204,0.000918236
205,0.000917276
206,0.000892758
207,0.000600234
208,0.000683621
209,0.000595517
210,0.000697929
211,0.000778252
212,0.000738029
213,0.000455802
214,0.000781753
215,0.000875073
216,0.000853577
217,0.000833383
218,0.00083375
219,0.0008312
220,0.000847136
221,0.000865348
222,0.000900277
223,0.000912056
224,0.000887048
225,0.000856669
226,0.000836542
227,0.000828134
228,0.000847345
229,0.000897355
230,0.000976981
231,0.00100706
232,0.00100175
233,0.000958734
234,0.000936487
235,0.000917138
236,0.000892475
237,0.000853486
238,0.000841278
239,0.0008294
240,0.000829632
241,0.000831197
242,0.000847414
243,0.000848634
244,0.000850078
245,0.000837737
246,0.000848477
247,0.000843137
248,0.000838088
249,0.000821772
250,0.000824287
251,0.000818054
252,0.000828371
253,0.000818145
254,0.000821846
255,0.000810644
256,0.000833959
257,0.000837042
258,0.000859431
259,0.000846518
260,0.000268863
261,0.000800713
262,0.00083843
263,0.000823039
264,0.000810444
265,0.000820776
266,0.000810729
267,0.000824001
268,0.000823815
269,0.000262918
270,0.000694057
271,0.00087352
272,0.000933071
273,0.000884585
274,0.000861073
275,0.000839883
276,0.00082797
277,0.000834939
278,0.000827419
279,0.000824688
280,0.000825451
281,0.000822267
282,0.000822786
283,0.000819157
284,0.000827392
285,0.000829751
286,0.00086607
287,0.000883894
288,0.000859022
289,0.000831747
290,0.000662552
291,0.000675506
292,0.000704263
293,0.000673041
294,0.000665898
295,0.000755172
296,0.000810648
297,0.000827762
298,0.00081479
299,0.000805444
300,0.000802987
301,0.000804185
302,0.000813583
303,0.000829056
304,0.000819085
305,0.000806375
306,0.000797902
307,0.000798519
308,0.000800457
309,0.000803045
310,0.000802203
311,0.000801332
312,0.000795184
313,0.000791604
314,0.000799835
315,0.000839763
316,0.000875402
317,0.000891586
318,0.000694153
319,0.000755471
320,0.000805196
321,0.000823574
322,0.000880654
323,0.000904709
324,0.000873604
325,0.000832565
326,0.00079921
327,0.000787393
328,0.000790513
329,0.000793462
330,0.000786884
331,0.000784852
332,0.000784676
333,0.000785037
334,0.000785376
335,0.000785917
336,0.00088366
337,0.000986673
338,0.000800786
339,0.000803252
340,0.00081355
341,0.000823276
342,0.000818784
343,0.000815048
344,0.000833287
345,0.000842208
346,0.000809699
347,0.000492047
348,0.000597871
349,0.000641667
350,0.00063554
351,0.000721418
352,0.000783173
353,0.000796596
354,0.000801788
355,0.00080956
356,0.000815625
357,0.000820571
358,0.000821338
359,0.000821317
360,0.000822134
361,0.000822406
362,0.00082485
363,0.000742828
364,0.000637625
365,0.000696601
366,0.000701371
367,0.000659808
368,0.000617511
369,0.000615173
370,0.000617272
371,0.000615129
372,0.000619634
373,0.000637142
374,0.000635935
375,0.000623962
376,0.000612838
377,0.000612764
378,0.000639704
379,0.000654825
380,0.000664719
381,0.000757981
382,0.000813475
383,0.000817856
384,0.000813449
385,0.000803574
386,0.000805804
387,0.000795604
388,0.000790318
389,0.000781205
390,0.000782241
391,0.000778384
392,0.000782694
393,0.000802398
394,0.00082584
395,0.000809955
396,0.000785134
397,0.000772121
398,0.000768129
399,0.000764127
400,0.000768212
401,0.000773762
402,0.000780364
403,0.000790407
404,0.000780544
405,0.000761049
406,0.000769302
407,0.000774832
408,0.000776199
409,0.000762026
410,0.000764121
411,0.000767023
412,0.000764487
413,0.000756906
414,0.000625776
415,0.000555384
416,0.000471935
417,0.000568159
418,0.000608271
419,0.0005222
420,0.000576492
421,0.000637139
422,0.000669288
423,0.000650284
424,0.000663062
425,0.000700143
426,0.000746977
427,0.000753618
428,0.000756395
429,0.000706132
430,0.000620616
431,0.000651866
432,0.000650184
433,0.000633072
434,0.000641007
435,0.000641075
436,0.000650774
437,0.000643529
438,0.000618453
439,0.000632702
440,0.000585501
441,0.000524266
442,0.000599263
443,0.000597747
444,0.000574545
445,0.000584257
446,0.000575349
447,0.000536667
448,0.000560971
449,0.000688532
450,0.000775473
451,0.000794438
452,0.000735098
453,0.000683925
454,0.000645628
455,0.000675269
456,0.000735183
457,0.000773327
458,0.000781942
459,0.000797413
460,0.000826707
461,0.000852466
462,0.000841861
463,0.000824899
464,0.000765871
465,0.000751817
466,0.0007772
467,0.000812896
468,0.000811922
469,0.000346381
470,0.000589898
471,0.000748178
472,0.000750149
473,0.000751612
474,0.000753701
475,0.000759642
476,0.000765713
477,0.000753198
478,0.000762696
479,0.000763532
480,0.000768793
481,0.000753193
482,0.000763761
483,0.000784143
484,0.000793662
485,0.000786729
486,0.000776104
487,0.000679801
488,0.000641056
489,0.000633051
490,0.000600566
491,0.000613006
492,0.000658871
493,0.000739059
494,0.000674181
495,0.000649983
496,0.000753742
497,0.000873392
498,0.000947902
499,0.000955618
500,0.000875802
501,0.000773044
502,0.000739851
503,0.000751105
504,0.000771184
505,0.00076818
506,0.000752745
507,0.000742234
508,0.000737409
509,0.000743469
510,0.000775542
511,0.000822434
512,0.000844719
513,0.000894006
514,0.00094293
515,0.000897248
516,0.000891996
517,0.000777183
518,0.000774687
519,0.000735186
520,0.000726419
521,0.000652664
522,0.000669314
523,0.000610938
524,0.000550477
525,0.000572615
526,0.000599856
527,0.000606285
528,0.000589516
529,0.000561303
530,0.00056436
531,0.000603895
532,0.000612517
533,0.000623216
534,0.000632036
535,0.0006107
536,0.000582645
537,0.000580774
538,0.000604765
539,0.00058388
540,0.000654319
541,0.000749515
542,0.000789539
543,0.000811029
544,0.000804722
545,0.000772097
546,0.000745136
547,0.000742098
548,0.0007564
549,0.000771413
550,0.000762041
551,0.000750572
552,0.000750895
553,0.000661187
554,0.000644658
555,0.000646668
556,0.000594141
557,0.0005418
558,0.000519632
559,0.000524109
560,0.000534208
561,0.000532693
562,0.000519434
563,0.000501241
564,0.000523183
565,0.000549872
566,0.000541761
567,0.000539086
568,0.000542611
569,0.000506533
570,0.000539157
571,0.000556379
572,0.000608135
573,0.000663996
574,0.000663941
575,0.000635045
576,0.00061037
577,0.000654004
578,0.000687493
579,0.000768984
580,0.000757904
581,0.000735022
582,0.00074673
583,0.000741433
584,0.000726541
585,0.000735585
586,0.000744969
587,0.000732258
588,0.000724877
589,0.000727024
590,0.000731133
591,0.000728878
592,0.000722117
593,0.000730038
594,0.000735072
595,0.000723258
596,0.000723161
597,0.000721266
598,0.000781837
599,0.00090002
